Y;X1;X2
1179;-4465;5644
11520;8837;2683
-2638;3649;-6287
5178;5672;-494
-21;8825;-8846
4648;2679;1969
-12312;-8408;-3904
-1505;-3168;1663
-577;-5417;4840
530;-2951;3481
1341;7506;-6165
4340;10;4330
1688;-1647;3335
10370;4043;6327
2518;-6804;9322
3812;-5881;9693
4119;-467;4586
-4452;-865;-3587
-1801;-7314;5513
154;6802;-6648
-3019;251;-3270
11598;4514;7084
767;2404;-1637
4496;1689;2807
16915;9159;7756
12765;4942;7823
-410;-4529;4119
3102;-6543;9645
2811;9998;-7187
8839;3902;4937
3296;5507;-2211
1610;-4825;6435
1880;-2185;4065
2961;9284;-6323
278;-6900;7178
7924;5178;2746
-4852;4609;-9461
-11132;-8597;-2535
-7547;-822;-6725
-8677;-3256;-5421
-707;8506;-9213
-3356;6266;-9622
-5812;-1712;-4100
12578;3041;9537
-4038;4909;-8947
-1142;-7438;6296
9712;4123;5589
-7767;-1417;-6350
12439;6072;6367
9839;7262;2577
-7985;-9574;1589
5478;3174;2304
-10827;-7140;-3687
3256;9483;-6227
4897;2918;1979
313;5368;-5055
6549;8816;-2267
4087;-2846;6933
7410;5143;2267
5462;269;5193
4566;4357;209
-492;3123;-3615
12025;3888;8137
-9349;-3911;-5438
-5942;-928;-5014
7116;-1645;8761
-9614;-3498;-6116
-6369;-8906;2537
-17076;-7376;-9700
14351;8088;6263
9616;6608;3008
3254;1449;1805
12717;6473;6244
3090;2580;510
573;9677;-9104
6027;5012;1015
7468;13;7455
6839;8235;-1396
-3357;4206;-7563
-13110;-8076;-5034
4902;-2874;7776
3855;9319;-5464
-1551;-5776;4225
11270;5171;6099
-1003;1325;-2328
-5620;-7498;1878
-656;2099;-2755
855;6337;-5482
-14007;-9151;-4856
-9803;-7382;-2421
7455;-1488;8943
8078;3982;4096
2922;-2817;5739
15047;5548;9499
2586;-3314;5900
16273;9144;7129
6863;726;6137
-1406;3752;-5158
-658;1038;-1696
11190;2140;9050
856;874;-18
6849;4024;2825
-4988;-2461;-2527
9199;7413;1786
-13777;-8946;-4831
-2040;-7466;5426
3192;4199;-1007
-5529;-8602;3073
-1972;-7429;5457
15723;8747;6976
-11231;-8787;-2444
-9535;-2273;-7262
-14284;-8824;-5460
13740;6474;7266
10680;9939;741
10340;763;9577
12417;5206;7211
-8870;-8947;77
14200;5464;8736
-10728;-3681;-7047
12209;9888;2321
10705;782;9923
-6722;-160;-6562
-9316;-3024;-6292
1504;7820;-6316
-10121;-6146;-3975
3925;-4381;8306
7296;-433;7729
9538;6620;2918
-2982;-6121;3139
-5798;-1841;-3957
-8980;-3946;-5034
6286;7909;-1623
9190;1830;7360
9746;3923;5823
-11434;-5101;-6333
1542;6061;-4519
-3568;-2160;-1408
-14180;-8597;-5583
201;-6923;7124
4607;9063;-4456
1003;3304;-2301
-5652;-3187;-2465
-5837;-3259;-2578
-6651;-1269;-5382
-2865;-3525;660
-2617;135;-2752
-11689;-5319;-6370
-2381;-1627;-754
9058;3699;5359
3213;-4724;7937
-1296;-68;-1228
7537;441;7096
2037;-1839;3876
6956;7772;-816
9668;8031;1637
-16779;-9946;-6833
-2814;-5949;3135
4968;-1550;6518
7705;7579;126
-4678;791;-5469
2627;6702;-4075
-8090;-7180;-910
4911;5894;-983
2837;8202;-5365
-7152;2057;-9209
16518;7433;9085
466;-2872;3338
912;-2174;3086
-11568;-3483;-8085
-158;3887;-4045
7312;-1012;8324
-10669;-9359;-1310
6241;9864;-3623
-5962;1939;-7901
-11067;-3422;-7645
14047;6490;7557
-291;8682;-8973
-13319;-4033;-9286
5580;8458;-2878
-11122;-4919;-6203
-6217;-9836;3619
-3553;5230;-8783
975;6758;-5783
-3225;5699;-8924
-5012;1545;-6557
-590;5311;-5901
663;3544;-2881
9539;4797;4742
-8007;-9026;1019
1713;9104;-7391
3031;-2535;5566
985;6576;-5591
5426;7228;-1802
10415;3629;6786
1324;5343;-4019
-6027;-4285;-1742
-9244;-263;-8981
-1958;-2811;853
-165;2379;-2544
1921;415;1506
11724;7575;4149
4536;6478;-1942
7859;-1626;9485
-1131;8553;-9684
7124;372;6752
-8507;1456;-9963
3466;8381;-4915
-2146;-920;-1226
11635;9433;2202
1141;1500;-359
658;1829;-1171
4811;568;4243
-11313;-7521;-3792
7875;1194;6681
6741;725;6016
4925;6117;-1192
3046;6931;-3885
-8368;766;-9134
-6977;-8216;1239
17118;9153;7965
-15976;-8552;-7424
-3201;-4346;1145
-5489;3281;-8770
8700;9614;-914
17873;9601;8272
-10891;-3975;-6916
-2868;-6347;3479
3539;-912;4451
18387;9643;8744
3399;-6200;9599
9805;311;9494
-8591;458;-9049
-2753;6156;-8909
-6269;2553;-8822
4337;-2167;6504
228;728;-500
11631;7765;3866
-15916;-6848;-9068
-13190;-4662;-8528
1705;8965;-7260
-13273;-7610;-5663
1252;3475;-2223
-2084;-7165;5081
-2160;6014;-8174
3585;-1855;5440
-3154;-8254;5100
-12563;-7244;-5319
3481;6810;-3329
9049;2151;6898
-13056;-8401;-4655
5992;3989;2003
4120;8602;-4482
13592;5475;8117
9317;3291;6026
-2629;-4756;2127
-7971;-8922;951
-16055;-7153;-8902
5334;-222;5556
2772;-6727;9499
8943;1422;7521
-3378;-662;-2716
-8628;-3977;-4651
9499;3623;5876
14189;9028;5161
-6060;-3045;-3015
1853;-3756;5609
-14055;-7227;-6828
-2519;823;-3342
10549;3966;6583
2691;9022;-6331
12533;3532;9001
-8839;-3668;-5171
-10234;-9902;-332
-4738;2614;-7352
19213;9734;9479
4502;9607;-5105
16974;8806;8168
1908;5978;-4070
-6154;-5113;-1041
15221;6642;8579
-4147;3128;-7275
-1413;8007;-9420
-1170;259;-1429
-3667;-433;-3234
8203;-590;8793
-4555;-157;-4398
1471;-4157;5628
7213;2359;4854
3400;-3923;7323
10652;9589;1063
-6060;-2929;-3131
3527;2555;972
-7007;-616;-6391
6223;3967;2256
-4757;4574;-9331
-10782;-982;-9800
8052;3645;4407
-4511;3960;-8471
11334;3564;7770
-11957;-8422;-3535
-4783;-9488;4705
16977;8480;8497
-5342;1698;-7040
-8612;-5773;-2839
5132;4554;578
2647;-2817;5464
1405;-2477;3882
-2293;6234;-8527
-10338;-8754;-1584
-1956;22;-1978
-2675;-9030;6355
16978;9530;7448
2264;-6010;8274
-11640;-6548;-5092
-10665;-1287;-9378
10086;4089;5997
10800;1060;9740
-6564;-6646;82
7643;5147;2496
579;-7416;7995
-9115;-9716;601
7237;-1604;8841
1149;1689;-540
-3066;-7240;4174
-14571;-8874;-5697
-4490;753;-5243
9668;5314;4354
3724;5516;-1792
14459;8679;5780
-2560;5925;-8485
3304;-174;3478
-2066;6418;-8484
5921;1588;4333
12457;9856;2601
2184;-4871;7055
-5262;858;-6120
-11990;-6708;-5282
-13087;-4169;-8918
6100;8931;-2831
2691;-3141;5832
-19599;-9824;-9775
2320;816;1504
5992;-2545;8537
-588;-3274;2686
-8651;-6239;-2412
1633;-309;1942
6805;425;6380
2436;6724;-4288
3775;-4722;8497
9078;7270;1808
-10949;-7046;-3903
-14029;-9227;-4802
11812;6094;5718
-15630;-9395;-6235
-6070;3584;-9654
16528;9730;6798
7756;1926;5830
-16072;-6111;-9961
-7783;-9325;1542
15119;7408;7711
1600;-146;1746
3400;3531;-131
4531;8449;-3918
-4847;-2984;-1863
-13462;-8322;-5140
896;2428;-1532
5449;893;4556
1653;9776;-8123
-7049;-182;-6867
-5027;507;-5534
2228;6222;-3994
2669;-2036;4705
-18764;-9315;-9449
5502;-2719;8221
2531;-2840;5371
15822;8188;7634
6852;9544;-2692
7593;3750;3843
-12621;-8083;-4538
-646;-2767;2121
-5242;-536;-4706
-9417;-1594;-7823
11326;1552;9774
-13975;-5245;-8730
-5310;-1406;-3904
1609;1480;129
-6454;-9782;3328
1238;1183;55
-15461;-8477;-6984
-4074;3875;-7949
-9143;-5625;-3518
-11236;-5713;-5523
12055;9565;2490
688;9733;-9045
-7889;-8721;832
8224;326;7898
-12051;-8801;-3250
4048;3436;612
5589;3720;1869
10915;6930;3985
-6796;-9230;2434
-15072;-6574;-8498
16411;7053;9358
2055;-4986;7041
-9681;-4868;-4813
-3411;-3991;580
1190;6400;-5210
-5432;4209;-9641
5801;-3312;9113
-5087;-3985;-1102
-7036;-7233;197
5677;9556;-3879
5987;-3661;9648
11502;5621;5881
8834;7142;1692
4778;9277;-4499
13871;5587;8284
-5525;-4647;-878
2196;-2436;4632
13933;8050;5883
-16467;-9481;-6986
-10472;-9356;-1116
7701;3062;4639
13543;6476;7067
1650;8882;-7232
-8656;-2747;-5909
-6501;2152;-8653
7084;942;6142
-9164;-7310;-1854
-6975;2812;-9787
-8671;-8749;78
-17987;-9167;-8820
8894;9086;-192
15077;7777;7300
8253;1563;6690
5652;-1352;7004
2135;-42;2177
-7331;-3552;-3779
6682;1031;5651
-13548;-5192;-8356
-3103;-7110;4007
9154;809;8345
-2293;-4183;1890
-5321;-9982;4661
-519;-1911;1392
-13861;-7072;-6789
-4335;5159;-9494
2131;5350;-3219
-2591;3797;-6388
-1002;-7624;6622
-2078;5844;-7922
-16268;-6481;-9787
6697;-45;6742
-1664;-8843;7179
669;7651;-6982
5468;-3849;9317
3118;4948;-1830
-1920;-9332;7412
10065;3088;6977
-6437;-1604;-4833
8651;9967;-1316
-288;4243;-4531
-5407;-6947;1540
1701;1071;630
9669;8760;909
2735;1941;794
8169;-28;8197
-12773;-9770;-3003
1829;1218;611
6853;2749;4104
1091;5783;-4692
-7603;-1895;-5708
-9789;-2977;-6812
-10358;-6451;-3907
-6731;1805;-8536
126;900;-774
-832;8664;-9496
-17130;-8678;-8452
-17619;-7786;-9833
4790;4919;-129
-218;-2377;2159
394;447;-53
13297;5363;7934
7247;5719;1528
3033;-6575;9608
-12004;-4658;-7346
-6144;-9895;3751
-2627;-3776;1149
-16431;-9764;-6667
6779;6674;105
-1577;-1652;75
3665;-3137;6802
3450;3445;5
-6612;-9018;2406
-8016;-278;-7738
2991;-6366;9357
-10985;-5907;-5078
10859;9971;888
-4418;-1944;-2474
-5482;-1415;-4067
14045;9749;4296
-3210;1549;-4759
-9426;-3;-9423
-4042;4836;-8878
-5952;-1310;-4642
6557;4372;2185
4770;7511;-2741
5786;-3342;9128
3997;-5742;9739
-7461;-4447;-3014
-7235;2369;-9604
5510;186;5324
-5983;3736;-9719
6285;-1772;8057
-6844;-6867;23
6516;7456;-940
-4770;-1147;-3623
8212;8679;-467
5984;2735;3249
-1972;5340;-7312
9912;7834;2078
-2797;3087;-5884
-3476;-3666;190
-2516;837;-3353
12251;3892;8359
16865;8372;8493
1406;7763;-6357
-12218;-4788;-7430
-9445;-5571;-3874
-4298;-5027;729
-5506;-4210;-1296
5967;1889;4078
-13430;-7976;-5454
-3207;2153;-5360
-19109;-9188;-9921
7876;-1005;8881
-16767;-8853;-7914
-6894;-7937;1043
-10809;-9255;-1554
-8365;-9790;1425
-3092;-6614;3522
-6185;-7566;1381
-1473;-7869;6396
14822;5227;9595
-753;7677;-8430
290;382;-92
-3127;3469;-6596
-8669;-2330;-6339
6201;7869;-1668
-11262;-5997;-5265
5970;-1778;7748
5421;7887;-2466
3861;-4905;8766
55;1192;-1137
4618;4698;-80
-4457;-6705;2248
-1665;3424;-5089
-11966;-4834;-7132
-6445;1291;-7736
-6646;1087;-7733
-13852;-8212;-5640
3219;-1092;4311
-4865;-4814;-51
2816;8136;-5320
-13048;-3313;-9735
-11077;-6129;-4948
-13653;-5824;-7829
197;-5725;5922
-2020;3232;-5252
1636;4802;-3166
1033;-4143;5176
-12750;-5390;-7360
7561;7464;97
-245;622;-867
6800;-399;7199
17217;7660;9557
-8455;-6164;-2291
-12564;-6050;-6514
6734;4826;1908
14723;7165;7558
-10365;-2941;-7424
1181;325;856
-8202;-3094;-5108
3730;1085;2645
-10140;-1715;-8425
7726;3348;4378
-17922;-9069;-8853
3025;-4091;7116
-1623;-1837;214
-7070;-6993;-77
-16912;-7467;-9445
-5746;-2455;-3291
-2069;-1538;-531
7419;3348;4071
6632;4438;2194
13560;3740;9820
12780;6928;5852
-1304;-2242;938
-2067;3486;-5553
-4624;-1549;-3075
17840;9999;7841
-9005;-7211;-1794
96;1604;-1508
-11769;-4661;-7108
1804;-5712;7516
-7404;2314;-9718
-12527;-6063;-6464
17849;9145;8704
-5964;-2548;-3416
-7568;-8569;1001
-4337;-3789;-548
-1680;2069;-3749
976;-2650;3626
8717;1145;7572
8301;912;7389
16413;7232;9181
3361;2021;1340
-9796;-6357;-3439
-6710;-2919;-3791
-9805;-5741;-4064
2619;-4849;7468
-1030;-5276;4246
5312;1970;3342
1840;-289;2129
7133;1991;5142
9560;3540;6020
7202;-294;7496
-2648;721;-3369
7486;9931;-2445
-3048;-599;-2449
-2231;-8616;6385
-3022;-2865;-157
-733;-2954;2221
3210;9944;-6734
-1499;-1732;233
-354;879;-1233
-13147;-3305;-9842
-8484;-467;-8017
4179;2464;1715
2970;-5605;8575
-3281;4983;-8264
-4583;-2351;-2232
-5108;1566;-6674
1569;-2206;3775
10110;9774;336
-12440;-2661;-9779
10057;8225;1832
-1578;2785;-4363
8222;7878;344
9317;4125;5192
-4263;5523;-9786
15094;5470;9624
4304;-1828;6132
3856;3061;795
-8412;-6136;-2276
-7459;-8105;646
17047;8230;8817
1554;4493;-2939
-3241;1089;-4330
1300;8365;-7065
-10832;-5010;-5822
9631;5954;3677
-789;-4932;4143
4596;-3472;8068
-4087;-5973;1886
-12287;-6608;-5679
13013;5539;7474
-4962;-5540;578
-9089;-7525;-1564
4937;3137;1800
-1323;1568;-2891
6898;8515;-1617
1333;-5361;6694
5445;-185;5630
9327;5540;3787
3711;-1223;4934
10356;722;9634
-4776;-3071;-1705
-2942;117;-3059
2181;-4874;7055
-1744;507;-2251
-7020;1612;-8632
9413;6941;2472
715;-1598;2313
-11232;-2664;-8568
7876;1119;6757
4949;-4807;9756
-4313;383;-4696
12798;7680;5118
-990;3767;-4757
-7921;-1427;-6494
-5211;-5902;691
-14957;-5110;-9847
-854;-8589;7735
-5306;-9637;4331
-208;2532;-2740
9007;7320;1687
16687;8704;7983
-4671;1529;-6200
-4014;2045;-6059
6174;8626;-2452
7737;-599;8336
-2547;6772;-9319
-15487;-7330;-8157
8451;2839;5612
-6107;-1499;-4608
7418;7277;141
7485;8315;-830
-13221;-7902;-5319
-4631;-9683;5052
-5125;-1081;-4044
-6890;2115;-9005
9341;5353;3988
4293;1613;2680
-3588;3777;-7365
6222;1386;4836
-14028;-6941;-7087
-15189;-6451;-8738
585;-1237;1822
-3770;-8877;5107
-2995;-158;-2837
-6008;-6364;356
-147;3085;-3232
-6038;-5799;-239
14235;4571;9664
4933;-2049;6982
915;-8802;9717
1603;-1358;2961
1143;2966;-1823
1354;-3568;4922
-11890;-8998;-2892
-7436;-6765;-671
2083;6314;-4231
6123;8864;-2741
7514;8226;-712
-8180;-7728;-452
-524;3453;-3977
4530;6812;-2282
-6199;-9517;3318
6518;9705;-3187
7202;3479;3723
14363;7294;7069
-3012;5535;-8547
-169;1670;-1839
4095;7589;-3494
-13794;-7310;-6484
-1146;2939;-4085
-5367;630;-5997
5961;4739;1222
-5365;897;-6262
11972;5225;6747
4738;-3721;8459
-683;-4926;4243
-16484;-8798;-7686
-3706;-4026;320
-5837;-5376;-461
3711;-5001;8712
-17121;-9953;-7168
-39;808;-847
1101;7738;-6637
580;-7411;7991
8636;5151;3485
-8493;-2105;-6388
-3856;-7103;3247
12264;5980;6284
3736;-3621;7357
-11565;-4840;-6725
4426;8489;-4063
-4875;-624;-4251
6384;5664;720
464;9112;-8648
6353;4754;1599
-9126;-2264;-6862
2728;8072;-5344
5712;8126;-2414
7658;6673;985
-5308;2634;-7942
-15359;-8153;-7206
-11458;-3850;-7608
-1829;6871;-8700
14053;4766;9287
11569;1975;9594
9138;2816;6322
71;-2739;2810
-3827;3031;-6858
-98;1583;-1681
16454;9585;6869
7548;-1753;9301
-1665;-2047;382
-8870;-8508;-362
-3362;5356;-8718
13813;7638;6175
8877;4808;4069
6931;9677;-2746
8727;3842;4885
453;-1260;1713
-2825;-8830;6005
3321;-2006;5327
7164;6913;251
-1172;-1786;614
-12261;-6157;-6104
12903;8145;4758
1230;1543;-313
893;-469;1362
2183;9459;-7276
-8613;536;-9149
-6460;-3392;-3068
2492;-559;3051
-9653;-2183;-7470
8421;1745;6676
-9368;-243;-9125
-7723;-2914;-4809
-2857;2709;-5566
-87;6739;-6826
-69;8205;-8274
749;4378;-3629
-4513;-3970;-543
14345;7933;6412
4929;-2447;7376
4891;773;4118
2375;8377;-6002
10496;5750;4746
183;-6772;6955
-1475;-7425;5950
15840;5936;9904
804;-6776;7580
959;-2974;3933
-11874;-7131;-4743
-7372;-6480;-892
4091;-2494;6585
-9002;-7579;-1423
8606;1817;6789
-809;3855;-4664
-8680;-3296;-5384
4138;-771;4909
-5005;-4107;-898
-4586;-9319;4733
8163;1014;7149
-5253;-1260;-3993
-11816;-3390;-8426
-254;1288;-1542
-16914;-9090;-7824
3707;-442;4149
-9974;-6195;-3779
8919;1481;7438
6492;8280;-1788
7592;8702;-1110
-3374;-5743;2369
1935;5502;-3567
-13143;-6333;-6810
-10941;-9918;-1023
7770;8300;-530
-4343;-1405;-2938
13121;9102;4019
-1241;-2660;1419
-4257;-1439;-2818
-7867;-813;-7054
2161;4145;-1984
517;-2908;3425
-4948;1298;-6246
7801;4924;2877
5626;-2813;8439
8525;6274;2251
-2078;6107;-8185
-1985;-3173;1188
807;6464;-5657
-288;-4881;4593
1211;-1742;2953
-16909;-9838;-7071
7118;8291;-1173
-8376;-1223;-7153
7003;-4;7007
2300;-119;2419
-16842;-6963;-9879
528;7582;-7054
11295;4460;6835
2833;-3121;5954
5762;-1908;7670
-2634;-3509;875
-4067;2555;-6622
8860;2060;6800
10682;4551;6131
-949;-1399;450
16425;6956;9469
1417;5204;-3787
-4785;1287;-6072
-13611;-8622;-4989
-48;2234;-2282
-4083;274;-4357
413;-2211;2624
326;8051;-7725
1804;-4543;6347
-9716;-7486;-2230
-16135;-8320;-7815
-16791;-9831;-6960
15617;7700;7917
-7171;-4531;-2640
-2762;-2209;-553
751;6875;-6124
-12852;-9236;-3616
12579;5816;6763
-12443;-5670;-6773
-16118;-9701;-6417
11779;9194;2585
-1288;-7106;5818
6844;9869;-3025
-9967;-9233;-734
-10592;-3201;-7391
326;-4500;4826
10455;1216;9239
-3024;-3687;663
-5205;1762;-6967
1133;4526;-3393
5461;8225;-2764
-8038;-4740;-3298
-4320;-6819;2499
6297;8741;-2444
2688;4046;-1358
16280;6328;9952
17151;7198;9953
1585;-3047;4632
-2392;7383;-9775
-13924;-5044;-8880
-7428;487;-7915
5876;5725;151
5226;-392;5618
7220;-842;8062
6478;4434;2044
-7742;1335;-9077
16827;8990;7837
-11611;-4900;-6711
11016;4872;6144
-8118;-9618;1500
8102;3996;4106
-6233;3287;-9520
-1031;3563;-4594
-807;-254;-553
-4451;5435;-9886
-12824;-9374;-3450
8303;9387;-1084
12380;4463;7917
938;-6346;7284
6962;7883;-921
9208;3471;5737
-8881;205;-9086
3420;-258;3678
-7386;-2575;-4811
-1911;6967;-8878
-4961;-3884;-1077
-2745;-918;-1827
13933;8539;5394
-6260;-3697;-2563
15676;8574;7102
7336;3347;3989
1377;-7803;9180
-2138;4670;-6808
-3475;-2300;-1175
94;-5414;5508
1975;4970;-2995
-11215;-5193;-6022
-6274;-8558;2284
-9237;-1911;-7326
3619;4758;-1139
-4375;887;-5262
7338;-1038;8376
-564;5730;-6294
-254;-547;293
2773;8189;-5416
4106;4312;-206
-683;4991;-5674
-1590;3612;-5202
-10196;-5098;-5098
17647;9642;8005
4818;-4755;9573
7882;6775;1107
9904;6409;3495
4977;2057;2920
-6551;-5204;-1347
1686;469;1217
744;-1156;1900
234;1411;-1177
10588;4677;5911
3422;-5651;9073
7759;4462;3297
-7874;-3107;-4767
-13880;-9182;-4698
3882;-3868;7750
-1134;5840;-6974
6886;1399;5487
-18461;-9032;-9429
-7690;-4899;-2791
10504;662;9842
13060;8341;4719
15742;9420;6322
9997;8553;1444
-4564;-1866;-2698
1719;9130;-7411
-8123;-1824;-6299
-14124;-6200;-7924
-7860;-6692;-1168
-7086;-7880;794
13770;8034;5736
6465;6206;259
5633;-3800;9433
3484;8264;-4780
-1960;-5370;3410
-4472;-8571;4099
7833;-668;8501
-5516;-5997;481
6574;1155;5419
6378;5980;398
1006;-4810;5816
6343;1983;4360
-10687;-1619;-9068
3040;-4575;7615
-11457;-7739;-3718
12853;6341;6512
-15181;-7282;-7899
8188;-532;8720
-3385;-7143;3758
-4292;-1832;-2460
5669;6401;-732
6483;-1186;7669
-4498;-350;-4148
15163;6753;8410
-7277;-3420;-3857
-14457;-9614;-4843
17767;8420;9347
-1374;-1571;197
6431;6838;-407
4959;-4236;9195
6444;9890;-3446
1221;-1259;2480
11208;5389;5819
9389;7934;1455
1820;2762;-942
-2012;-9936;7924
-9723;-5178;-4545
-8287;-9867;1580
-165;-1534;1369
-3351;860;-4211
-9153;-9426;273
-9734;-9703;-31
320;4687;-4367
4744;2047;2697
-6052;-3972;-2080
-8651;-5803;-2848
-5770;-6437;667
-8010;1245;-9255
-14341;-9383;-4958
-5810;-5639;-171
-13805;-6680;-7125
-46;-463;417
-2069;6997;-9066
13490;7160;6330
5686;-1187;6873
-1476;2458;-3934
-2617;4636;-7253
-2165;-387;-1778
-12412;-9628;-2784
-4392;4761;-9153
-4468;-8372;3904
15110;7146;7964
-2229;4711;-6940
-2452;-3557;1105
-18350;-9524;-8826
3464;3746;-282
-2430;3693;-6123
13761;8638;5123
7789;4124;3665
1063;-3482;4545
479;-4953;5432
-11983;-5242;-6741
-3873;2034;-5907
2612;-2282;4894
-571;-8113;7542
-260;3902;-4162
10398;1900;8498
-7843;-7371;-472
12167;2970;9197
11990;4993;6997
1844;-1454;3298
10590;4175;6415
2747;6647;-3900
10271;1629;8642
-6569;-5592;-977
-11803;-9732;-2071
-8264;-2086;-6178
-7683;-6545;-1138
-13726;-8139;-5587
8361;7913;448
6296;-3543;9839
8350;9809;-1459
-1352;-5773;4421
-5431;-3884;-1547
-5625;-9722;4097
7342;154;7188
5407;7071;-1664
-687;9016;-9703
4700;-2850;7550
-16083;-9536;-6547
5100;-1960;7060
-2863;6296;-9159
-7028;1402;-8430
2774;6338;-3564
-4718;-5590;872
-241;7773;-8014
-9215;-3;-9212
1550;4593;-3043
6073;805;5268
-70;-6562;6492
-12202;-9081;-3121
1799;6555;-4756
2158;7665;-5507
-7614;-4076;-3538
271;1074;-803
-7903;-5569;-2334
-5027;4317;-9344
15356;6535;8821
8293;7052;1241
11172;4611;6561
-5310;-6677;1367
-160;2788;-2948
-4599;-7116;2517
-619;-4319;3700
-11368;-6628;-4740
15233;6270;8963
1180;9543;-8363
-6671;-1832;-4839
-3897;1247;-5144
1691;4084;-2393
-4723;-6647;1924
4288;-3649;7937
-2366;-6942;4576
4244;3060;1184
-5897;-8931;3034
-12269;-5946;-6323
-3832;-3718;-114
4753;9770;-5017
-6516;-5937;-579
3568;6660;-3092
7340;9384;-2044
12993;4134;8859
-11657;-5072;-6585
901;3185;-2284
-14564;-5785;-8779
5937;-522;6459
-8229;-2611;-5618
-4211;-6821;2610
8243;9963;-1720
-8825;-949;-7876
7666;-219;7885
11426;2622;8804
1937;7758;-5821
17873;9661;8212
13877;6719;7158
-15532;-7013;-8519
-3479;-5964;2485
-8758;-4287;-4471
5659;-3984;9643
-8466;-9176;710
-13198;-4767;-8431
-3399;-3596;197
-11318;-5772;-5546
-11243;-8632;-2611
-10562;-6447;-4115
15700;8219;7481
-12745;-6237;-6508
-5689;-7187;1498
-6269;-22;-6247
-3234;-4255;1021
-5790;-7706;1916
-6164;-9550;3386
-8994;-2442;-6552
-4126;-2183;-1943
-5088;2711;-7799
-1775;507;-2282
4857;810;4047
7711;6851;860
1428;-5576;7004
7266;5802;1464
11214;3243;7971
15787;8596;7191
4093;-5396;9489
-11750;-7862;-3888
15216;6917;8299
-3405;-6089;2684
2942;3061;-119
870;5743;-4873
3832;3500;332
8852;3434;5418
-11689;-9995;-1694
4996;3370;1626
8300;7868;432
2523;3060;-537
-6388;-6888;500
-16786;-8749;-8037
9820;1724;8096
1713;-6742;8455
6673;5808;865
8670;2768;5902
-11230;-6671;-4559
-16158;-8886;-7272
10624;2730;7894
-12989;-4416;-8573
15955;6431;9524
8840;7242;1598
-11765;-7143;-4622
-4576;-3723;-853
-1268;-4806;3538
5496;-1855;7351
8999;2348;6651
2385;-2269;4654
3319;-3712;7031
-6462;3335;-9797
12946;4914;8032
-8611;1162;-9773
2677;8892;-6215
-898;108;-1006
-4228;-8494;4266
-1627;1240;-2867
-722;6825;-7547
-4480;-3911;-569
-9122;-4793;-4329
-5771;-4856;-915
12815;6653;6162
-6232;1093;-7325
1943;-1226;3169
-488;-4041;3553
8421;8102;319
-5297;-7348;2051
15284;8658;6626
9971;3597;6374
-3867;-8638;4771
2349;-2007;4356
9502;3394;6108
2468;9430;-6962
-1080;7266;-8346
494;-6025;6519
2976;-4561;7537
-331;4517;-4848
1139;-1515;2654
-3028;-5549;2521
4549;9276;-4727
-10852;-9367;-1485
-14454;-5074;-9380
-4762;-6161;1399
-8817;-3682;-5135
5978;6425;-447
-15598;-8761;-6837
-7258;-9679;2421
4478;-791;5269
6519;8099;-1580
5668;-412;6080
-1368;-9900;8532
5647;-2649;8296
13675;7512;6163
2115;-7786;9901
4020;6648;-2628
-8147;-4063;-4084
-7174;-6480;-694
14997;5687;9310
-2455;-8326;5871
11247;2290;8957
-6483;-1365;-5118
-4313;-8565;4252
7595;-431;8026
-10004;-1483;-8521
322;4331;-4009
-16499;-8507;-7992
740;1929;-1189
8355;3403;4952
-764;5914;-6678
12819;6418;6401
-9003;-7202;-1801
-3018;-9325;6307
2076;6130;-4054
34;-2476;2510
5046;6007;-961
-2852;-9998;7146
7280;7888;-608
-7514;479;-7993
-4259;3462;-7721
-4108;-5141;1033
-2013;2538;-4551
-16791;-7922;-8869
-8123;-7066;-1057
4882;-3222;8104
-1804;2971;-4775
10447;4708;5739
-4364;3664;-8028
-12202;-8646;-3556
3098;-594;3692
-1712;-1892;180
-14099;-5992;-8107
3657;1407;2250
-10943;-9343;-1600
3035;-1315;4350
-1452;-5319;3867
3694;3992;-298
-19289;-9384;-9905
-5698;-1502;-4196
14862;8339;6523
-6842;-4946;-1896
6011;4808;1203
7705;6376;1329
-15922;-7318;-8604
-12876;-8025;-4851
-187;-7049;6862
-8669;872;-9541
-1692;-4737;3045
-12904;-9107;-3797
439;4218;-3779
-985;-4297;3312
-10647;-7399;-3248
362;-9562;9924
-4303;-6782;2479
-14708;-9281;-5427
-9117;-2385;-6732
5086;-970;6056
12286;5613;6673
-7890;-5223;-2667
5636;5298;338
4541;-4688;9229
-1130;-4162;3032
5401;-844;6245
-1113;-6252;5139
-7961;-2515;-5446
-2305;-1157;-1148
14866;5975;8891
-16451;-7459;-8992
-1848;-8551;6703
8095;195;7900
-6258;-5760;-498
10703;9991;712
348;4369;-4021
-7956;-8267;311
8355;2985;5370
-4030;-2676;-1354
8664;6902;1762
-4211;-7016;2805
5392;-1734;7126
-341;-6613;6272
-9095;-1900;-7195
2959;-696;3655
-6362;-577;-5785
-4453;-9207;4754
14780;8617;6163
-4598;-3857;-741
-6171;228;-6399
-9437;-2693;-6744
5794;-2731;8525
6662;2943;3719
-1587;6344;-7931
1109;-8657;9766
5687;-3009;8696
-9260;-4632;-4628
5686;2770;2916
-3302;2704;-6006
2913;-976;3889
-8185;-2422;-5763
-2466;-3003;537
-500;6733;-7233
4505;9155;-4650
4909;8466;-3557
3591;-1097;4688
-3055;-7347;4292
-7598;-4308;-3290
-3496;5819;-9315
-3329;-1886;-1443
-5697;3107;-8804
1044;-6731;7775
624;477;147
4981;-2617;7598
-17847;-9525;-8322
-6000;729;-6729
-388;5258;-5646
11481;4710;6771
-713;7462;-8175
14257;8696;5561
2043;3596;-1553
-3375;-8854;5479
9975;4290;5685
13354;6764;6590
12132;3680;8452
-3238;-7924;4686
13197;3359;9838
4392;8258;-3866
6206;364;5842
-3911;3762;-7673
1545;-4119;5664
-2376;-578;-1798
-15940;-7538;-8402
2944;-1020;3964
1536;2922;-1386
14086;9026;5060
2840;2906;-66
9010;7891;1119
6260;9133;-2873
3533;4530;-997
-4800;-4160;-640
8083;3623;4460
-671;-2138;1467
4504;465;4039
9963;846;9117
5041;3763;1278
13139;5152;7987
-9811;-5055;-4756
-2169;-5369;3200
-12541;-7522;-5019
1100;6489;-5389
4729;9121;-4392
9060;1235;7825
9816;9987;-171
-4869;1900;-6769
4943;-423;5366
-131;-5088;4957
994;8078;-7084
1468;-4687;6155
-9551;-3296;-6255
3074;3410;-336
-4318;-4337;19
-17659;-8193;-9466
15369;7162;8207
5637;6843;-1206
10975;4994;5981
-7081;-6239;-842
-9888;-3281;-6607
-6810;-6312;-498
-4890;-5345;455
-4073;-3255;-818
2353;3473;-1120
-3596;4021;-7617
-15060;-9164;-5896
-18874;-9976;-8898
593;2509;-1916
-3524;-9257;5733
-3888;-8270;4382
8017;5976;2041
-1675;-9199;7524
-6032;2032;-8064
-1867;-2811;944
1966;-2644;4610
3744;-4802;8546
-3239;-446;-2793
11356;7493;3863
-1553;1157;-2710
-11468;-8475;-2993
-143;-715;572
16044;9290;6754
-11902;-3179;-8723
-3201;92;-3293
3388;-5156;8544
-1037;-6022;4985
18815;9926;8889
-16789;-7787;-9002
4773;751;4022
-8707;61;-8768
5317;4978;339
7994;4861;3133
13631;9364;4267
-3636;-3071;-565
-16953;-7413;-9540
-549;-9911;9362
10775;7676;3099
-8167;-5754;-2413
-1400;-2103;703
-13784;-4916;-8868
961;-7993;8954
-13582;-9850;-3732
-296;2759;-3055
3446;3891;-445
-6578;-4196;-2382
10088;7290;2798
-3624;-1016;-2608
-3191;4187;-7378
-11073;-7841;-3232
1638;12;1626
-2568;-5595;3027
-9469;-757;-8712
203;5897;-5694
-8966;-6339;-2627
4937;2255;2682
10670;9616;1054
2929;3168;-239
-1992;7373;-9365
-4110;-134;-3976
18177;9503;8674
-8376;-4867;-3509
12101;7304;4797
-463;2667;-3130
13534;9425;4109
9860;3542;6318
7200;5145;2055
6326;7339;-1013
-3461;-2512;-949
-2618;-9343;6725
8864;3285;5579
6445;8935;-2490
-107;-6781;6674
11958;7185;4773
-3145;-7956;4811
7350;2158;5192
-4893;-8043;3150
-11363;-7383;-3980
-7802;-7008;-794
-6527;-9614;3087
-4724;-1932;-2792
-11513;-3066;-8447
112;-6516;6628
14667;5317;9350
-5833;2662;-8495
-165;-3933;3768
-8850;-3254;-5596
-8542;-5165;-3377
-8967;-1351;-7616
-4752;-2586;-2166
-2965;-8509;5544
-554;1556;-2110
-2249;-1990;-259
-11397;-5984;-5413
2361;3747;-1386
-11982;-4001;-7981
-6239;-8331;2092
-2858;1690;-4548
-11196;-4107;-7089
-6059;-5317;-742
-1374;5608;-6982
10939;8219;2720
7807;9414;-1607
412;-8313;8725
-11643;-9354;-2289
-13904;-4337;-9567
5421;2058;3363
-457;-8089;7632
-5358;-2269;-3089
-2428;-3869;1441
-9555;-6921;-2634
15421;8120;7301
16894;9499;7395
9154;2213;6941
12786;4004;8782
3102;806;2296
-3244;-7564;4320
-1194;-654;-540
1301;-6450;7751
-5793;-1747;-4046
-7327;-8281;954
-8772;-6997;-1775
-16131;-8484;-7647
-5576;-5529;-47
8547;5064;3483
-14109;-5399;-8710
12872;3786;9086
-14933;-7301;-7632
8414;4909;3505
2283;-2385;4668
-2510;5082;-7592
2368;-2836;5204
-7282;-4611;-2671
9134;6007;3127
649;-3253;3902
3069;579;2490
-2920;-5724;2804
11814;2672;9142
3134;9089;-5955
-6222;-1775;-4447
-4730;-3938;-792
-12823;-6703;-6120
7960;7952;8
-14708;-5338;-9370
6427;455;5972
-4651;-5107;456
-69;7544;-7613
-12874;-9264;-3610
-10525;-1811;-8714
11914;3612;8302
-8831;-8680;-151
7518;3403;4115
4944;2051;2893
-7684;1498;-9182
-7623;-7418;-205
-1678;-1375;-303
-4059;-4511;452
-1625;7184;-8809
-1115;6615;-7730
-16223;-9958;-6265
8401;8656;-255
258;443;-185
-8907;-2307;-6600
-12355;-3751;-8604
247;-7159;7406
8702;-360;9062
9322;7775;1547
-5661;-9415;3754
-7664;-4507;-3157
-1127;-1448;321
-2272;1657;-3929
520;-4602;5122
10016;2162;7854
-1907;1752;-3659
5690;1300;4390
2295;-463;2758
-1987;-3140;1153
-1799;5359;-7158
-76;-1880;1804
5964;4029;1935
-13172;-6328;-6844
-10208;-6679;-3529
-9622;-4585;-5037
-10679;-6894;-3785
1274;-2223;3497
6946;9781;-2835
2545;3108;-563
2350;9172;-6822
7275;-2088;9363
5375;5567;-192
-3991;-3088;-903
-3048;-1111;-1937
-2586;-4920;2334
4704;5919;-1215
-5537;-7836;2299
782;-3783;4565
-13513;-8543;-4970
11052;5144;5908
-8899;-1594;-7305
-540;4303;-4843
2602;8358;-5756
-3439;-5812;2373
-11523;-3614;-7909
-2200;1059;-3259
-4757;2670;-7427
-142;-2813;2671
-4207;-3655;-552
4089;1495;2594
-11809;-4011;-7798
11149;2402;8747
12829;3409;9420
1917;7428;-5511
9709;3212;6497
-2707;-998;-1709
4022;-2979;7001
-17018;-7504;-9514
-8976;-8392;-584
452;7426;-6974
-8230;-9813;1583
-1291;6187;-7478
7908;9241;-1333
-1697;812;-2509
3582;-574;4156
-2891;1524;-4415
3669;2344;1325
-4898;-7739;2841
4305;444;3861
5084;1618;3466
-3747;-2464;-1283
-2968;-7600;4632
10066;7657;2409
-17342;-8401;-8941
-11159;-2959;-8200
-3967;1342;-5309
-1880;-6761;4881
-9204;-694;-8510
1609;4112;-2503
3262;-5144;8406
8123;465;7658
-9075;-6048;-3027
-3303;-2458;-845
-13341;-5959;-7382
-3949;-9450;5501
-457;-2380;1923
-763;-7889;7126
2288;-3608;5896
3988;-4006;7994
3176;2142;1034
-6184;-7620;1436
5533;8384;-2851
3145;383;2762
-8836;-2017;-6819
-877;5858;-6735
-5;3364;-3369
312;-7919;8231
790;8304;-7514
7987;1854;6133
-7369;221;-7590
3709;-932;4641
3573;-1207;4780
9204;6882;2322
4567;33;4534
12;4600;-4588
-12443;-6970;-5473
1905;4889;-2984
3824;1027;2797
-15584;-6651;-8933
-2054;856;-2910
-4194;4084;-8278
-8191;-4365;-3826
3034;7050;-4016
-15348;-8777;-6571
6027;186;5841
-2315;-3829;1514
795;4401;-3606
7601;6371;1230
4949;3694;1255
-15852;-8557;-7295
2216;1250;966
14144;9453;4691
-5783;1446;-7229
6048;-63;6111
-15334;-5498;-9836
554;-7406;7960
-8150;-237;-7913
7500;6424;1076
-1543;7090;-8633
5804;-843;6647
7981;4703;3278
-9043;-5906;-3137
6818;5955;863
-5186;-1438;-3748
-5436;-3712;-1724
10087;7005;3082
-1536;-2437;901
8575;5737;2838
4309;9622;-5313
-12437;-4498;-7939
2888;-4913;7801
8325;6757;1568
-76;5300;-5376
-3443;-5742;2299
7094;5653;1441
169;-2162;2331
-3733;-7090;3357
145;4967;-4822
-9362;-5187;-4175
1292;-8639;9931
344;-8322;8666
3212;-5276;8488
7337;8152;-815
-8064;-3856;-4208
8294;4349;3945
7010;-2968;9978
6274;6859;-585
-3231;-7705;4474
2380;1221;1159
13277;6168;7109
3693;9198;-5505
7906;6221;1685
-9919;-1348;-8571
-7372;-6153;-1219
-6924;-4091;-2833
-2543;6182;-8725
-2517;5816;-8333
742;-1010;1752
19114;9743;9371
-12806;-5607;-7199
-1856;338;-2194
169;-9461;9630
662;4993;-4331
11198;9512;1686
-11257;-7313;-3944
2466;608;1858
-14013;-9652;-4361
-11308;-2831;-8477
2212;6524;-4312
-6575;-1324;-5251
-4441;-3776;-665
954;-2740;3694
13663;4819;8844
734;4478;-3744
3692;1313;2379
5715;-933;6648
10264;2531;7733
-15844;-8296;-7548
13570;7312;6258
-2280;3185;-5465
6183;-700;6883
-2817;-3162;345
-3084;-7782;4698
-16100;-7297;-8803
4671;3812;859
-6618;-1648;-4970
10393;8671;1722
-10638;-9639;-999
-15590;-7213;-8377
1156;9568;-8412
257;1790;-1533
6036;650;5386
2250;1036;1214
-1371;-2482;1111
4316;6624;-2308
-10975;-1595;-9380
-1440;7498;-8938
-843;-4697;3854
8055;5519;2536
-8736;-9547;811
-10319;-7875;-2444
-5683;-7266;1583
-7229;-5331;-1898
8113;-997;9110
-16504;-6573;-9931
7480;8644;-1164
-5919;-4166;-1753
14677;7544;7133
3420;4984;-1564
-6722;-5157;-1565
2680;-2272;4952
-3149;6763;-9912
3774;9358;-5584
-6391;-6003;-388
8315;1595;6720
-6918;-5252;-1666
-4121;-8620;4499
2992;-2355;5347
-12891;-3569;-9322
-12825;-8230;-4595
-8163;-4612;-3551
5691;5761;-70
12287;4695;7592
7151;7361;-210
2352;2646;-294
645;-4001;4646
6923;-560;7483
-14556;-9352;-5204
1;-9027;9028
-3743;-3832;89
-6772;-7011;239
-9190;-2005;-7185
17834;9912;7922
7754;3493;4261
9379;1450;7929
-2413;5995;-8408
-10082;-2702;-7380
-3842;-9324;5482
-788;-8605;7817
-3808;-5134;1326
10886;8907;1979
4166;7015;-2849
19383;9616;9767
506;-962;1468
-15161;-7793;-7368
-1283;-4368;3085
749;9092;-8343
6270;85;6185
5898;448;5450
7764;7052;712
1116;-2668;3784
2437;6395;-3958
-9870;-2255;-7615
-18921;-9641;-9280
1115;7172;-6057
-5521;-1760;-3761
-7696;966;-8662
5996;-3259;9255
8971;662;8309
-18663;-8693;-9970
-6553;-5196;-1357
3869;902;2967
2755;-6949;9704
825;-1877;2702
-14030;-4663;-9367
-2470;-5645;3175
2308;-5503;7811
-3118;2994;-6112
11171;8679;2492
-1813;-5295;3482
-833;4992;-5825
5766;8778;-3012
4694;-2281;6975
-15231;-7048;-8183
1826;-3250;5076
10671;836;9835
-132;-6544;6412
9686;5608;4078
-10684;-4152;-6532
-15091;-7252;-7839
-1389;4724;-6113
-3633;5813;-9446
-11643;-6080;-5563
-13875;-6508;-7367
-515;8945;-9460
1560;7414;-5854
15254;6762;8492
3254;-5557;8811
17514;8680;8834
8838;1423;7415
4353;-3069;7422
-4223;2855;-7078
1862;-2364;4226
8733;-834;9567
4349;-5411;9760
11041;6817;4224
-3453;-8092;4639
2192;-6916;9108
4798;-4623;9421
1592;4802;-3210
-7170;2809;-9979
15948;7534;8414
1431;-6013;7444
7431;5966;1465
12106;7826;4280
-4425;4226;-8651
-8709;-7219;-1490
-3213;-9465;6252
-5861;892;-6753
12004;3179;8825
-3755;-3731;-24
-924;2266;-3190
5533;329;5204
3074;-1112;4186
2369;2952;-583
6553;378;6175
-9881;-5516;-4365
-14205;-7816;-6389
7440;9512;-2072
814;-8840;9654
17704;8705;8999
-7294;450;-7744
-8527;-81;-8446
3712;1621;2091
3151;468;2683
17787;8643;9144
9415;1171;8244
12505;8447;4058
2559;518;2041
-2995;-5331;2336
8282;3326;4956
3196;-1728;4924
-4742;-2786;-1956
4685;7726;-3041
-9946;-668;-9278
3331;4510;-1179
12484;9637;2847
2879;5673;-2794
10097;5550;4547
12854;6127;6727
7822;4150;3672
9232;8096;1136
-482;1756;-2238
-2204;4299;-6503
4928;3508;1420
1584;3530;-1946
-12381;-3300;-9081
10042;3177;6865
-841;-8995;8154
16358;8211;8147
-1245;-962;-283
-4419;-1807;-2612
-8243;1128;-9371
-5069;-885;-4184
-9662;-3801;-5861
9041;4878;4163
4682;8806;-4124
1689;7972;-6283
745;-1093;1838
3061;-6750;9811
14356;7694;6662
-2594;540;-3134
5307;8771;-3464
2946;9148;-6202
1330;-1197;2527
-5340;-5028;-312
-2344;1660;-4004
2818;6724;-3906
5412;9487;-4075
16051;9480;6571
-6227;806;-7033
7091;5669;1422
-17956;-9156;-8800
3765;9441;-5676
523;1659;-1136
11370;1753;9617
9718;429;9289
-3038;-1235;-1803
4395;-117;4512
-395;-3502;3107
2291;3071;-780
14444;9482;4962
-9029;-6601;-2428
11387;4967;6420
-7064;1555;-8619
-17877;-8068;-9809
-9924;-2763;-7161
3940;-2578;6518
2935;8095;-5160
-14369;-9028;-5341
-2353;2951;-5304
8805;-829;9634
14003;4431;9572
16437;8570;7867
684;-5373;6057
-8745;-8550;-195
-7732;-8420;688
15298;5419;9879
724;9696;-8972
-2496;-7371;4875
7186;9556;-2370
-7124;-4819;-2305
-10;7078;-7088
5939;-581;6520
7640;594;7046
-306;2566;-2872
-9378;-7377;-2001
-605;-2618;2013
-12871;-4358;-8513
14753;5134;9619
7354;3149;4205
3712;1562;2150
6471;-3211;9682
1216;-1741;2957
3703;4733;-1030
1931;2101;-170
1571;-3499;5070
15522;6688;8834
767;-8237;9004
592;5443;-4851
1943;17;1926
-8384;-2556;-5828
-600;-4249;3649
8105;9233;-1128
4507;3740;767
-6663;-2843;-3820
8331;8193;138
-10313;-7554;-2759
-5872;1230;-7102
2862;-3092;5954
518;-5006;5524
18797;9587;9210
-15608;-8164;-7444
-5581;1670;-7251
-2083;1489;-3572
-408;5995;-6403
-11835;-3186;-8649
9920;7684;2236
-11030;-6472;-4558
-15746;-9170;-6576
4828;2061;2767
7425;9044;-1619
-4616;4894;-9510
-96;7475;-7571
-13284;-5766;-7518
-4033;-7871;3838
-533;-3273;2740
2517;-5873;8390
11734;2999;8735
-1262;-910;-352
-9843;-3057;-6786
942;-5697;6639
18067;8852;9215
7701;-549;8250
7060;1906;5154
2022;1741;281
-4107;969;-5076
2895;-4702;7597
-2215;-8057;5842
-8093;-7337;-756
-1961;6448;-8409
-17491;-9807;-7684
7925;590;7335
11960;6972;4988
-1036;-1143;107
-17771;-8240;-9531
-2738;-302;-2436
-2606;-9302;6696
-1667;-6936;5269
-2499;5594;-8093
-9577;-6665;-2912
2153;2090;63
-8922;-9500;578
-3729;2487;-6216
2815;6947;-4132
-3968;-3099;-869
1110;1838;-728
-9187;138;-9325
-712;-4640;3928
9856;5365;4491
8255;1679;6576
-2532;-7310;4778
-13641;-8622;-5019
-787;-1537;750
-14504;-6855;-7649
-2655;-9551;6896
-13087;-8925;-4162
8820;2167;6653
7457;7406;51
-2374;-7083;4709
694;2825;-2131
5834;5646;188
-10259;-8594;-1665
8551;7706;845
4239;-2628;6867
-12532;-2971;-9561
-12834;-9464;-3370
-13227;-9567;-3660
-649;2544;-3193
578;-3790;4368
1105;-8468;9573
10269;8602;1667
5508;8408;-2900
-12685;-7610;-5075
-2570;4143;-6713
5512;4054;1458
6476;7224;-748
-8960;-749;-8211
-1123;-5257;4134
5554;6977;-1423
-10882;-6411;-4471
18482;9457;9025
-14837;-7650;-7187
-15044;-9610;-5434
-2212;4551;-6763
5413;9662;-4249
4921;-953;5874
-6324;-2894;-3430
-2702;-6948;4246
3442;-1233;4675
7758;1968;5790
-1610;921;-2531
-3227;1990;-5217
-4299;1734;-6033
-12913;-7755;-5158
-189;604;-793
-8256;-9623;1367
-7563;986;-8549
-4484;-8979;4495
-7986;-2706;-5280
4941;696;4245
1779;5008;-3229
-12390;-7969;-4421
-3410;-5931;2521
-9622;-7906;-1716
-882;7427;-8309
2184;-5496;7680
7189;314;6875
-2852;4078;-6930
-2075;-139;-1936
4627;167;4460
-8876;-9644;768
12431;9601;2830
7404;2052;5352
14407;7306;7101
-2836;-6043;3207
-6675;1688;-8363
-3953;5742;-9695
168;-9473;9641
-12857;-8454;-4403
3425;7040;-3615
-14693;-7435;-7258
-8770;-8962;192
737;-8287;9024
-8741;-9956;1215
9672;8661;1011
6193;8003;-1810
-1845;-7144;5299
8108;8268;-160
5955;4857;1098
7120;8831;-1711
-331;1909;-2240
-9647;-5838;-3809
-2417;-8957;6540
-1338;2305;-3643
981;-7698;8679
10869;5037;5832
3317;-3060;6377
3051;6783;-3732
-860;3569;-4429
14358;5200;9158
-223;-5420;5197
-7411;-1011;-6400
13404;3579;9825
-16313;-6854;-9459
-10579;-7224;-3355
-6868;-8154;1286
-3458;1005;-4463
-3588;-4406;818
5711;3501;2210
-2744;-4354;1610
-6467;-1633;-4834
-12;9732;-9744
-3839;-933;-2906
11104;7850;3254
3734;2003;1731
8782;6411;2371
6035;6741;-706
12296;3652;8644
9554;5543;4011
4139;1465;2674
-12209;-3492;-8717
-14959;-6657;-8302
-13637;-5100;-8537
10156;8470;1686
5940;3648;2292
1422;8031;-6609
-2390;-2203;-187
12791;8277;4514
6852;9310;-2458
2488;6889;-4401
7987;959;7028
-19195;-9219;-9976
-7361;-5864;-1497
-4133;393;-4526
153;3520;-3367
4219;2980;1239
-18238;-9615;-8623
-720;8628;-9348
6093;-2907;9000
3284;6261;-2977
-3886;-2675;-1211
10866;1308;9558
-4704;-2891;-1813
-1141;-2887;1746
-12583;-5070;-7513
-4618;-4811;193
13155;7887;5268
3128;2644;484
8030;8833;-803
-694;-3375;2681
-886;6983;-7869
-9216;-6535;-2681
-3175;-9304;6129
-2296;2388;-4684
3652;8414;-4762
-9360;-638;-8722
-7295;-1185;-6110
-3079;6091;-9170
-971;-9839;8868
12662;3177;9485
-4056;-8060;4004
10103;9905;198
6284;9919;-3635
-11754;-4212;-7542
-815;-3405;2590
8783;-1202;9985
4061;9240;-5179
-2423;5204;-7627
4703;-3521;8224
-2650;4314;-6964
6156;9022;-2866
6266;-1082;7348
6324;4038;2286
-7973;1412;-9385
-6086;-7123;1037
-13992;-7762;-6230
-10187;-9878;-309
11231;4606;6625
3245;-1708;4953
-2437;-7090;4653
-5009;1047;-6056
-3882;-375;-3507
-12225;-2418;-9807
3707;-3793;7500
7282;5579;1703
14700;6617;8083
-2458;-8831;6373
-8111;-4335;-3776
12347;6518;5829
-8237;-8529;292
12193;4251;7942
1565;-6493;8058
-12633;-3173;-9460
10177;3498;6679
7702;6681;1021
634;7235;-6601
8383;4937;3446
-2751;-2825;74
5545;6507;-962
15619;7384;8235
-3022;4088;-7110
-2315;-5250;2935
-1479;-1793;314
10745;3591;7154
17351;8403;8948
-15708;-6530;-9178
4767;9594;-4827
-505;7054;-7559
13467;9127;4340
2084;1851;233
15739;8057;7682
-9311;-6090;-3221
8372;4291;4081
6385;-3587;9972
-7335;-8195;860
-8580;-4760;-3820
-14835;-8378;-6457
6183;-2452;8635
-7440;2322;-9762
9282;7137;2145
-10194;-5356;-4838
-696;3557;-4253
5149;1620;3529
9537;4672;4865
13035;4255;8780
1488;-4091;5579
-7245;-6331;-914
-5816;-2545;-3271
-18192;-9224;-8968
-5750;-830;-4920
-7384;2480;-9864
6953;1228;5725
4324;8077;-3753
6838;5238;1600
-3103;-7284;4181
9399;9268;131
-7749;-2380;-5369
-11305;-3175;-8130
-9697;-321;-9376
-3772;2612;-6384
5074;-4378;9452
5791;5487;304
-4788;-1656;-3132
-4078;254;-4332
7466;8426;-960
-271;2019;-2290
480;1674;-1194
5117;5473;-356
14384;8442;5942
-8830;-6468;-2362
6675;3923;2752
-3281;6513;-9794
5543;6600;-1057
132;-2743;2875
-13566;-4824;-8742
14021;9236;4785
12323;4089;8234
-13339;-9229;-4110
-7922;-3676;-4246
2011;1900;111
10452;2899;7553
-17406;-9929;-7477
-9384;-546;-8838
-994;4985;-5979
3111;4826;-1715
1009;-881;1890
9581;1793;7788
3665;3145;520
336;-6434;6770
1188;5440;-4252
-10587;-5446;-5141
2598;-5630;8228
-6635;-3651;-2984
-5838;-6963;1125
9933;9885;48
-5766;-9869;4103
7451;1811;5640
-18071;-8835;-9236
4668;3088;1580
1263;-8242;9505
-11231;-3845;-7386
-3415;-8406;4991
-5475;-8609;3134
7322;706;6616
-12615;-7943;-4672
3215;-2603;5818
6846;8542;-1696
-540;2536;-3076
-8846;-8688;-158
2354;-3758;6112
-9198;-7847;-1351
13723;7177;6546
4052;5149;-1097
-9361;-1951;-7410
13820;8211;5609
-5011;-5739;728
9001;5977;3024
13138;6751;6387
1050;6750;-5700
-6714;-2545;-4169
701;2984;-2283
-1724;7502;-9226
7345;650;6695
2478;1315;1163
-1559;2725;-4284
17367;7723;9644
-4784;-5435;651
4869;1723;3146
3393;8183;-4790
2516;4473;-1957
3153;798;2355
510;870;-360
-32;-7777;7745
-7901;-7894;-7
-486;1291;-1777
3746;1854;1892
16297;6933;9364
17218;9725;7493
8305;8517;-212
-1059;-2457;1398
-11428;-6938;-4490
-2572;-9676;7104
1358;-5232;6590
-8059;-9377;1318
5252;-1593;6845
-2538;-6927;4389
14638;5813;8825
-13009;-3076;-9933
-1791;7979;-9770
5199;392;4807
14471;8699;5772
-15810;-6275;-9535
-1982;-9410;7428
-552;-7859;7307
-15215;-5454;-9761
-4422;-4220;-202
10826;9067;1759
5471;6074;-603
-2466;-5406;2940
6118;9753;-3635
-8640;-6639;-2001
10182;7428;2754
15763;7130;8633
-19;-5610;5591
-19434;-9558;-9876
876;9876;-9000
-9278;-9389;111
11058;3665;7393
-2401;-7677;5276
-5896;-9787;3891
807;3773;-2966
2507;-2304;4811
2950;6021;-3071
12787;9954;2833
-5246;-861;-4385
-3907;-4598;691
10634;6903;3731
-953;3190;-4143
8803;765;8038
1060;4441;-3381
-7870;-3457;-4413
8437;3553;4884
-3865;-4094;229
8148;-31;8179
2118;-7178;9296
1299;-645;1944
5476;952;4524
2295;-4418;6713
-12287;-2775;-9512
3735;-4167;7902
-636;-3025;2389
-1251;-1670;419
14610;6814;7796
7731;5562;2169
545;6461;-5916
7069;5848;1221
-12937;-9798;-3139
-2831;1119;-3950
1825;9433;-7608
-10452;-7548;-2904
1072;3320;-2248
-14964;-8720;-6244
-1996;-3540;1544
-13924;-7676;-6248
3142;961;2181
-4398;4320;-8718
3775;-5112;8887
-15618;-8550;-7068
5173;-1151;6324
17897;9012;8885
-4307;5279;-9586
-5018;-7631;2613
-3354;2075;-5429
4730;5095;-365
-10454;-1301;-9153
-15713;-5798;-9915
-880;5271;-6151
-10541;-7868;-2673
2231;6923;-4692
8552;8266;286
-9089;-1893;-7196
-3267;-4265;998
192;-7540;7732
4210;1652;2558
-4414;-3987;-427
-5513;-1946;-3567
13996;7923;6073
-1643;-9521;7878
-5661;3543;-9204
-11513;-3927;-7586
10102;9589;513
3313;7954;-4641
-4887;1433;-6320
12797;6090;6707
-3153;-2036;-1117
15218;9815;5403
-857;-6521;5664
-3215;2048;-5263
17679;9103;8576
-10364;-9318;-1046
1187;-8516;9703
-11160;-4023;-7137
10097;9561;536
1271;-7973;9244
14160;8550;5610
-3487;-6579;3092
-2498;5393;-7891
3568;8729;-5161
-1071;-4782;3711
-8741;991;-9732
7311;5811;1500
764;591;173
8308;-502;8810
4810;5095;-285
-14518;-7154;-7364
12049;2361;9688
-10178;-7488;-2690
7001;-695;7696
-6760;3213;-9973
2940;-2204;5144
170;5130;-4960
5327;4972;355
8128;2144;5984
17227;7526;9701
-4835;-5139;304
-4555;-6417;1862
1690;6345;-4655
7286;518;6768
-650;443;-1093
1108;-2304;3412
-3070;-4638;1568
-1100;2822;-3922
-9500;-9414;-86
-6117;-4097;-2020
-5801;1221;-7022
2905;1813;1092
4947;-1982;6929
6325;-3518;9843
-4700;-8508;3808
8206;9483;-1277
-16990;-7823;-9167
16407;9135;7272
-4646;-3808;-838
2117;1600;517
-4964;2917;-7881
-4945;2189;-7134
13351;5662;7689
-2594;-9966;7372
-5463;-1068;-4395
3339;5687;-2348
-3889;-4858;969
-5833;-3035;-2798
-4574;5266;-9840
1980;4366;-2386
4716;-4041;8757
-8644;776;-9420
-12584;-8415;-4169
-12322;-7279;-5043
-16016;-8589;-7427
1120;2736;-1616
10944;4187;6757
-12121;-6137;-5984
3919;-2430;6349
-8250;-6947;-1303
-667;3308;-3975
-2675;-7649;4974
3823;7599;-3776
4517;9054;-4537
15340;9314;6026
-9367;-8512;-855
-1010;-8794;7784
6616;1064;5552
-6668;-7444;776
-345;8675;-9020
-7382;1208;-8590
-10850;-9969;-881
-17364;-7429;-9935
-2207;-4743;2536
-10173;-1729;-8444
-8909;-8123;-786
-12494;-4200;-8294
8224;5135;3089
-1999;2325;-4324
10425;895;9530
17501;9605;7896
15661;7030;8631
-4198;-8449;4251
-2677;1566;-4243
14014;4077;9937
-3278;1204;-4482
11633;3673;7960
2276;7445;-5169
13046;8089;4957
8092;-770;8862
2440;5370;-2930
-750;3576;-4326
-9520;-1103;-8417
17982;8281;9701
9707;2421;7286
-1353;-1911;558
3658;-5176;8834
3543;8852;-5309
-234;-6976;6742
3062;2645;417
644;532;112
-1599;5360;-6959
17839;9465;8374
5200;2466;2734
-3652;-8925;5273
9075;6859;2216
3550;-434;3984
-1937;-4475;2538
9108;5939;3169
15229;7089;8140
-3290;-7784;4494
-6988;1910;-8898
-15260;-6948;-8312
-3538;4433;-7971
505;6519;-6014
-362;-789;427
-2888;2911;-5799
-5021;-6230;1209
6971;2378;4593
17171;8365;8806
-2619;-4046;1427
-394;-5766;5372
-14279;-6558;-7721
9528;2059;7469
-15365;-7399;-7966
7090;1069;6021
-9831;-949;-8882
-9935;-5767;-4168
-7789;-9491;1702
14853;6230;8623
12899;5351;7548
-11188;-6128;-5060
5163;8361;-3198
-1960;-8102;6142
-8746;-9641;895
-17715;-8426;-9289
2625;5863;-3238
940;5639;-4699
-2757;-9473;6716
1947;-3803;5750
-12057;-5382;-6675
-653;-7744;7091
-12060;-4511;-7549
-7192;-3514;-3678
9212;-137;9349
-8769;-1307;-7462
-1954;-45;-1909
-11108;-4695;-6413
10878;3043;7835
12651;3209;9442
-7082;-2255;-4827
1604;-1215;2819
11519;3655;7864
-5677;-7368;1691
8373;7633;740
-8488;250;-8738
6254;502;5752
1604;9696;-8092
2497;3872;-1375
1842;2037;-195
5956;2184;3772
-3162;-2581;-581
5640;5996;-356
8792;3289;5503
10344;1518;8826
2510;2051;459
-236;-8408;8172
8140;5764;2376
3850;1799;2051
5119;2718;2401
885;1310;-425
-4183;-3827;-356
-8164;-2938;-5226
-11771;-2426;-9345
186;933;-747
-8234;-2457;-5777
4697;2455;2242
-9740;-7514;-2226
9845;3000;6845
6476;3207;3269
-4613;1129;-5742
12435;3268;9167
3517;689;2828
-9378;-245;-9133
1795;2383;-588
-3308;-1044;-2264
-502;-4133;3631
-6662;-4849;-1813
-3700;3115;-6815
-4122;1887;-6009
17988;9535;8453
-5983;-9689;3706
12675;7367;5308
-9969;-2368;-7601
-4947;-1507;-3440
13387;4490;8897
6037;1636;4401
-4822;-3762;-1060
-3164;5495;-8659
-778;-3167;2389
-4627;-8055;3428
-4691;-9670;4979
-2392;1541;-3933
-10823;-1749;-9074
1633;-1561;3194
344;-6025;6369
-9648;-7945;-1703
11517;8064;3453
10695;8851;1844
-2315;-3924;1609
17093;8479;8614
-983;8549;-9532
1415;3516;-2101
-13962;-8736;-5226
-968;-778;-190
15588;8635;6953
375;4560;-4185
-2081;-1497;-584
3691;-35;3726
-9717;-5687;-4030
-12470;-6561;-5909
4865;-4949;9814
-4289;-4036;-253
5491;1954;3537
2558;-3381;5939
2990;-4441;7431
3009;1649;1360
-3756;-6625;2869
7625;765;6860
-6410;1616;-8026
-14236;-7063;-7173
3255;-2319;5574
15718;8359;7359
-8063;-4788;-3275
-12302;-4239;-8063
-5465;-1766;-3699
1269;949;320
-14982;-7761;-7221
-4087;-228;-3859
-5886;-8993;3107
-775;-3878;3103
1118;190;928
1592;-7174;8766
-8928;-1419;-7509
9593;5993;3600
-7722;1328;-9050
-9209;-8525;-684
8373;2321;6052
-6199;-3797;-2402
-1893;1106;-2999
-1778;-7001;5223
-16412;-9428;-6984
12863;5948;6915
-3820;273;-4093
-8459;-1382;-7077
-696;-3644;2948
3029;1519;1510
1500;-6677;8177
-11353;-3931;-7422
-5453;-9140;3687
7811;-1862;9673
-2505;-1325;-1180
-5299;3208;-8507
6769;9112;-2343
11859;2657;9202
1919;1664;255
-2331;-1029;-1302
1514;-2908;4422
-6366;128;-6494
-2049;6540;-8589
2782;2362;420
-14762;-7796;-6966
2954;78;2876
-3776;-6368;2592
-4588;-8457;3869
-737;-6718;5981
3310;-3706;7016
533;-3844;4377
422;6888;-6466
980;-8964;9944
-3298;-9216;5918
6112;5773;339
-2538;-6326;3788
8908;3951;4957
-711;8755;-9466
-19219;-9763;-9456
8641;-263;8904
-8040;1794;-9834
-13610;-5022;-8588
-10427;-6294;-4133
-5462;-4789;-673
-10485;-4394;-6091
-2676;-4713;2037
-2676;-7457;4781
2240;-2950;5190
14899;4987;9912
11977;7424;4553
-1840;-5869;4029
12435;7825;4610
818;-8159;8977
9680;2225;7455
-6722;-2695;-4027
-12645;-3449;-9196
-7843;-1282;-6561
5712;-54;5766
3923;6098;-2175
5566;-2771;8337
-2581;-4035;1454
3948;3139;809
8627;1657;6970
-861;5615;-6476
-15294;-6139;-9155
13496;9781;3715
-10639;-4210;-6429
-2544;-3094;550
-9270;-3352;-5918
-1838;-9169;7331
2457;7033;-4576
-12641;-4643;-7998
-5164;-7775;2611
10134;4650;5484
6114;7525;-1411
-7038;-7112;74
7724;7855;-131
-7368;-2497;-4871
-1174;1294;-2468
2438;9256;-6818
787;8218;-7431
-5221;-7095;1874
8115;-1289;9404
2028;3954;-1926
1716;-1880;3596
855;-4577;5432
423;7727;-7304
-6;7495;-7501
-5146;-2899;-2247
6779;9445;-2666
-1312;4067;-5379
-3069;197;-3266
11704;7350;4354
-12394;-6704;-5690
539;4749;-4210
-5254;-1315;-3939
8711;-635;9346
8155;2621;5534
4630;5360;-730
5740;7298;-1558
13456;3615;9841
5236;4711;525
7056;1649;5407
18976;9266;9710
-11495;-8740;-2755
-3629;2472;-6101
-22;-6607;6585
-2808;-5021;2213
8558;3729;4829
-5773;-1254;-4519
-6480;-4024;-2456
14199;6156;8043
-6493;1545;-8038
-14106;-9353;-4753
16193;7864;8329
-13448;-5620;-7828
12840;7093;5747
7047;-1093;8140
4512;6669;-2157
13403;7951;5452
-479;7541;-8020
6503;4314;2189
-538;-6284;5746
970;-5312;6282
-8777;-41;-8736
-10845;-1272;-9573
-13784;-7455;-6329
-408;-8520;8112
2854;-4543;7397
2011;328;1683
-3965;5683;-9648
6433;239;6194
-2537;5077;-7614
-4349;921;-5270
3673;-4508;8181
10187;7271;2916
-1385;3930;-5315
4014;4782;-768
-571;7737;-8308
-6035;-5578;-457
-8084;-1551;-6533
6921;2842;4079
-6798;-7131;333
8058;-171;8229
-8183;-7289;-894
11746;7771;3975
-7831;-799;-7032
2100;-4957;7057
285;-4154;4439
-6649;-7012;363
-319;438;-757
-3206;2800;-6006
-2673;2830;-5503
-1197;2755;-3952
7990;5390;2600
-15759;-7627;-8132
15497;7832;7665
-1455;-261;-1194
840;9582;-8742
10506;3745;6761
8452;3950;4502
-11549;-6217;-5332
-3555;5905;-9460
17634;7761;9873
1525;-577;2102
-11186;-7576;-3610
9103;3698;5405
2862;7079;-4217
4862;8686;-3824
-17958;-9140;-8818
9583;9901;-318
8956;4568;4388
181;7108;-6927
2399;6754;-4355
6470;-2944;9414
-4355;-7653;3298
6884;-623;7507
-8752;-1865;-6887
5960;7114;-1154
4400;5282;-882
5401;1316;4085
-3607;-4388;781
-10569;-7341;-3228
606;-5320;5926
-13684;-8748;-4936
4166;5428;-1262
9768;5915;3853
3207;-2132;5339
-11267;-6501;-4766
7452;9428;-1976
-1911;-4868;2957
-17775;-8430;-9345
4063;-3341;7404
7147;7892;-745
-6700;-5121;-1579
-9458;-2340;-7118
10492;3771;6721
-11426;-5583;-5843
-12576;-9743;-2833
-7824;-8547;723
-12113;-6187;-5926
-1927;7252;-9179
-7181;-7201;20
6642;3934;2708
7376;1426;5950
71;-424;495
-14734;-6080;-8654
1325;-3658;4983
6740;6100;640
-5986;-4096;-1890
3311;-5666;8977
-5066;-5168;102
7800;-1114;8914
4127;-4879;9006
-3986;-1043;-2943
-4260;-3114;-1146
-1215;5620;-6835
6364;8803;-2439
241;-2385;2626
-5086;-9120;4034
14680;4957;9723
103;6922;-6819
8615;7488;1127
-12493;-7736;-4757
-2084;-2694;610
-964;-5893;4929
7350;1140;6210
9224;7829;1395
4442;6423;-1981
-4869;-5419;550
6896;9993;-3097
-14358;-8444;-5914
-6745;-3672;-3073
4743;2486;2257
4072;6493;-2421
-2361;-840;-1521
3373;2100;1273
134;3736;-3602
775;9908;-9133
6640;958;5682
-1932;937;-2869
2809;-5891;8700
-748;-6408;5660
-2199;-2331;132
-8450;-7601;-849
13928;7261;6667
8774;3323;5451
8544;420;8124
10703;5651;5052
-12559;-8866;-3693
-7584;750;-8334
-10443;-7215;-3228
5672;3678;1994
4099;5295;-1196
3961;-11;3972
2313;-6457;8770
-9502;-5989;-3513
-5828;-7651;1823
-6898;-3761;-3137
-6503;-8552;2049
-6252;-6097;-155
10963;8323;2640
-14925;-9831;-5094
-8988;-18;-8970
2579;-632;3211
15098;6345;8753
6976;-591;7567
1547;-6294;7841
-7655;-6594;-1061
-265;6753;-7018
3277;64;3213
2939;8650;-5711
-6329;-8904;2575
-4954;-989;-3965
-8340;-3577;-4763
-2487;-7114;4627
-1098;-5494;4396
-1124;-5619;4495
-3167;4383;-7550
-12133;-3631;-8502
-24;930;-954
16252;7423;8829
202;6925;-6723
8725;5547;3178
981;8915;-7934
-2696;-8467;5771
-3913;-1396;-2517
-257;9481;-9738
-4944;1968;-6912
-5093;4658;-9751
6251;8845;-2594
15598;9849;5749
1538;5551;-4013
-12497;-3371;-9126
2302;-2614;4916
1593;-2355;3948
-2939;1674;-4613
-12392;-9497;-2895
8440;9576;-1136
14357;9228;5129
-2132;859;-2991
2962;1978;984
-16305;-8104;-8201
14290;6181;8109
7336;2888;4448
7360;4204;3156
-9444;-5833;-3611
-1124;-9200;8076
2113;-1442;3555
3228;-456;3684
5824;4486;1338
4583;7770;-3187
326;-2066;2392
-13809;-9094;-4715
-8567;-9654;1087
16766;8646;8120
4898;1117;3781
3126;-6348;9474
1952;2105;-153
3051;-2260;5311
8513;2861;5652
-11570;-5016;-6554
-4609;-2481;-2128
5030;-1520;6550
5259;7731;-2472
-499;-3987;3488
12070;7777;4293
18679;9296;9383
9030;5499;3531
2594;197;2397
-16565;-8052;-8513
7685;-1344;9029
-4790;-5716;926
2374;929;1445
1491;-8420;9911
-3630;-3111;-519
3542;6069;-2527
3667;-5050;8717
675;4343;-3668
-557;-9898;9341
-13868;-7600;-6268
1095;9188;-8093
-15987;-8771;-7216
-9693;-8745;-948
-15780;-8746;-7034
1663;5985;-4322
-12509;-5546;-6963
-2724;4057;-6781
914;-4104;5018
-4441;-1073;-3368
4700;8901;-4201
9600;482;9118
3395;-5651;9046
1688;-4229;5917
3012;-5284;8296
7672;9037;-1365
16398;8115;8283
-1027;-7758;6731
14656;6140;8516
-12833;-5007;-7826
-5355;-2473;-2882
17308;7441;9867
-8102;-7814;-288
1869;193;1676
-12213;-4099;-8114
-9900;-5988;-3912
7218;8274;-1056
-227;-1982;1755
12059;4163;7896
10882;3938;6944
-518;5240;-5758
11006;6401;4605
6480;2608;3872
7583;9018;-1435
10469;6805;3664
1516;-7215;8731
2039;9874;-7835
-3642;-8048;4406
-4727;-10000;5273
-9221;-296;-8925
-18692;-9828;-8864
-6902;-377;-6525
-1735;2703;-4438
-975;-2445;1470
10519;5540;4979
-2749;5962;-8711
-3353;3482;-6835
-1603;-3302;1699
-11624;-3157;-8467
18321;9664;8657
11179;9378;1801
-14217;-9544;-4673
-10149;-6816;-3333
11022;2548;8474
-13104;-5025;-8079
-1474;6737;-8211
7510;300;7210
-12438;-8873;-3565
-1076;-3644;2568
-8307;-8724;417
6597;9901;-3304
-5241;-6862;1621
-575;-6145;5570
5320;-1027;6347
1755;-2441;4196
-6976;-8988;2012
-14323;-4574;-9749
-3951;-7315;3364
8559;6097;2462
1953;-104;2057
5182;6674;-1492
2738;-5200;7938
13163;7324;5839
-2645;2650;-5295
8395;-1097;9492
-3669;1801;-5470
-6358;-9977;3619
5043;4467;576
2850;-5772;8622
6386;7093;-707
-16128;-8891;-7237
-1553;-5241;3688
-7602;-4190;-3412
14476;5097;9379
3315;2593;722
-3555;-9131;5576
-7150;-4157;-2993
-13997;-7006;-6991
4012;-5552;9564
9607;8907;700
-12252;-9190;-3062
-5563;-7498;1935
4190;-5490;9680
-8877;957;-9834
4814;3385;1429
-3090;-2531;-559
5189;8000;-2811
16809;8687;8122
-609;4385;-4994
6168;2472;3696
6049;8881;-2832
-8319;-9476;1157
15045;7537;7508
-2908;6690;-9598
-4892;-677;-4215
17733;8439;9294
3778;-4019;7797
-528;1502;-2030
-17539;-8714;-8825
71;8286;-8215
-1880;64;-1944
2588;-6453;9041
2047;7481;-5434
7053;-2109;9162
-448;-170;-278
-11847;-4339;-7508
-4526;2112;-6638
13089;5961;7128
-18959;-9757;-9202
-7533;-803;-6730
5250;7317;-2067
-6280;-4581;-1699
-4157;-8846;4689
2481;-2897;5378
-1484;-903;-581
-502;4686;-5188
4492;-1056;5548
3778;-809;4587
-4816;-5100;284
2949;-6036;8985
18778;9553;9225
14386;6176;8210
4931;-94;5025
-13037;-3070;-9967
-16158;-8063;-8095
-3703;4554;-8257
-9225;-4714;-4511
-6054;1264;-7318
10539;9188;1351
-3974;-9082;5108
-744;6549;-7293
-16333;-7088;-9245
-3441;5106;-8547
2127;9764;-7637
6865;734;6131
-8672;-9738;1066
3888;4453;-565
7541;1810;5731
6911;6326;585
-11940;-7644;-4296
2758;-3085;5843
-13723;-8666;-5057
7745;-1822;9567
14847;8845;6002
3118;4510;-1392
1228;5381;-4153
5446;-827;6273
-14550;-8586;-5964
11136;4796;6340
-1349;-2019;670
17200;9305;7895
5975;286;5689
5297;2217;3080
-7940;-8469;529
6357;-213;6570
-8056;-3305;-4751
-6178;-5463;-715
2612;-4676;7288
5338;7353;-2015
2126;-1886;4012
-1220;2416;-3636
-10486;-924;-9562
7284;-1482;8766
-12415;-7822;-4593
-4480;1596;-6076
7577;6122;1455
-951;-4;-947
-493;524;-1017
-5379;-9830;4451
5192;9881;-4689
9319;5623;3696
-13474;-6850;-6624
-5894;-4511;-1383
-1787;-3799;2012
4794;5450;-656
-5701;1518;-7219
-3836;2603;-6439
-10267;-7367;-2900
-3418;-1041;-2377
255;4994;-4739
-484;8919;-9403
-8759;-1746;-7013
10579;9845;734
5665;5702;-37
173;6446;-6273
-2617;1345;-3962
-5651;-1480;-4171
-931;2909;-3840
2955;-2863;5818
-1464;5886;-7350
-2756;-4006;1250
-3692;-2386;-1306
-11354;-9896;-1458
11139;3498;7641
1978;-3685;5663
5498;-2889;8387
-8591;126;-8717
-17245;-9023;-8222
9163;2919;6244
12186;7404;4782
-7461;-7214;-247
12983;8035;4948
3679;3350;329
6304;3899;2405
8181;6677;1504
180;5783;-5603
5385;411;4974
6874;5368;1506
-14793;-5911;-8882
8059;6651;1408
1704;3202;-1498
6097;2904;3193
7086;5819;1267
-8541;-6874;-1667
-12227;-4661;-7566
-7794;-2291;-5503
-16561;-9490;-7071
-14489;-5351;-9138
2386;-1207;3593
-13427;-7339;-6088
9179;286;8893
-3361;-6557;3196
-3213;1180;-4393
-260;-5273;5013
2905;-1049;3954
582;-3287;3869
765;-1235;2000
6875;-1333;8208
-15586;-5663;-9923
-5257;-2420;-2837
-7115;-2769;-4346
7663;2700;4963
-11582;-2072;-9510
10518;2119;8399
-10544;-1245;-9299
-3378;2096;-5474
-8065;-5695;-2370
-18910;-9090;-9820
976;-6153;7129
-6755;-1304;-5451
-16837;-8498;-8339
-3664;-2284;-1380
-690;-1976;1286
9584;8672;912
-4013;-9696;5683
-271;-1227;956
11084;1714;9370
-17509;-8667;-8842
-10670;-2857;-7813
-4522;-512;-4010
17084;9487;7597
14980;9969;5011
-13408;-8872;-4536
62;-8521;8583
784;9351;-8567
-3345;1892;-5237
-16535;-9709;-6826
-12988;-6251;-6737
9224;988;8236
-2471;3175;-5646
-8429;342;-8771
-8308;-5877;-2431
-866;5702;-6568
-11961;-8553;-3408
-4436;-7768;3332
-12214;-5402;-6812
17513;9397;8116
8300;4395;3905
-12097;-2798;-9299
-7775;908;-8683
-13243;-4485;-8758
1810;3770;-1960
83;-8631;8714
12016;7544;4472
-2987;4442;-7429
-8001;-4042;-3959
-5603;-5802;199
-7594;8;-7602
2982;6393;-3411
9324;9921;-597
11842;3312;8530
-358;-9439;9081
4150;6405;-2255
2022;1559;463
272;-6895;7167
18269;8297;9972
8342;8983;-641
-9430;-2317;-7113
2520;2693;-173
-2100;-8985;6885
6004;7483;-1479
-3356;1507;-4863
-4797;5145;-9942
7711;-1431;9142
1548;9019;-7471
-12885;-7400;-5485
9932;3147;6785
14732;8889;5843
12478;6100;6378
2594;4315;-1721
-10852;-6537;-4315
-3698;5891;-9589
-4668;-6712;2044
8252;9153;-901
-16101;-8569;-7532
-16459;-9372;-7087
2685;4392;-1707
-7201;-981;-6220
-5673;-1992;-3681
-7999;-3413;-4586
13381;9258;4123
800;993;-193
868;-8079;8947
8309;2701;5608
-2905;5450;-8355
6408;8389;-1981
4493;-1640;6133
1143;7471;-6328
-7941;-3653;-4288
13976;6503;7473
12423;3010;9413
-8165;232;-8397
-16806;-8731;-8075
-2395;-7735;5340
-3973;2276;-6249
561;-3985;4546
7453;4240;3213
-18664;-9460;-9204
-8886;-3337;-5549
4525;-3581;8106
-8331;-9447;1116
-3532;-7621;4089
-8878;-3178;-5700
-9564;-4888;-4676
-3437;-6703;3266
-9528;-2870;-6658
14924;5441;9483
-350;-7122;6772
8400;2193;6207
-8597;-6547;-2050
2050;-4441;6491
4192;-1217;5409
-4688;-1612;-3076
3926;-5899;9825
1842;-3832;5674
18650;9211;9439
-7870;-1969;-5901
1280;7353;-6073
12855;8823;4032
-2078;-4262;2184
-12888;-2979;-9909
11326;7820;3506
12585;6006;6579
-8020;207;-8227
-1138;-7594;6456
-3452;-5179;1727
14618;7638;6980
12996;5118;7878
-8856;771;-9627
-3737;-4546;809
6314;3641;2673
8847;7336;1511
2257;7378;-5121
-7502;-3571;-3931
11920;5758;6162
-436;1114;-1550
-9388;-7510;-1878
8357;5094;3263
-3426;1841;-5267
10635;4474;6161
5814;3562;2252
-2401;3853;-6254
4707;-1701;6408
-13092;-9394;-3698
-17383;-7418;-9965
-10038;-2653;-7385
-7056;2301;-9357
-3338;-6215;2877
1448;2473;-1025
5610;6470;-860
1696;7978;-6282
4300;-4738;9038
-507;4514;-5021
-14389;-6012;-8377
-16605;-7737;-8868
-9643;-3322;-6321
7236;7705;-469
1568;6820;-5252
3835;4725;-890
3726;-1472;5198
-12343;-2612;-9731
12879;4076;8803
1768;1445;323
4970;2316;2654
5707;6963;-1256
-892;-3177;2285
11937;4569;7368
10491;6456;4035
1194;-2944;4138
-1133;172;-1305
-497;-1388;891
7270;3160;4110
10366;7835;2531
13167;6174;6993
-4237;-8483;4246
2382;3717;-1335
3859;-249;4108
16695;8320;8375
-5281;-9529;4248
527;-150;677
4705;564;4141
11328;5339;5989
-9122;-332;-8790
11909;5179;6730
-7384;-389;-6995
-8859;-6848;-2011
2995;-3685;6680
-3797;2309;-6106
4954;3713;1241
2728;-1118;3846
3238;1910;1328
8400;-747;9147
-8496;-1967;-6529
2996;-1644;4640
10587;1576;9011
-8305;-7894;-411
-15244;-5270;-9974
7539;-628;8167
-1014;-4759;3745
538;4338;-3800
-4413;2921;-7334
10807;3775;7032
-14818;-9123;-5695
-2174;-1006;-1168
3182;-1389;4571
2707;8473;-5766
-17829;-8954;-8875
6996;5893;1103
-17664;-8297;-9367
-11525;-7082;-4443
12840;5034;7806
-12930;-9265;-3665
3087;4882;-1795
-1464;-7377;5913
18769;9270;9499
6527;736;5791
11627;6214;5413
-16580;-9721;-6859
-7781;-7672;-109
71;-6145;6216
7607;8196;-589
10330;4713;5617
-8353;-7732;-621
7814;8670;-856
-1455;7334;-8789
4156;-91;4247
2719;-2558;5277
6964;3887;3077
-247;3417;-3664
-10508;-8503;-2005
-2610;3371;-5981
-716;4290;-5006
5640;-1970;7610
2898;6023;-3125
3458;1135;2323
-10491;-6992;-3499
13146;6422;6724
-11997;-3143;-8854
-1474;3623;-5097
18209;8575;9634
-1013;4328;-5341
-3501;-5305;1804
15104;9340;5764
-1376;4229;-5605
12800;5927;6873
-6848;-79;-6769
1904;-4128;6032
-14161;-6069;-8092
-907;-9832;8925
-3395;4018;-7413
-2660;-7345;4685
5714;-3267;8981
19290;9887;9403
-9287;-112;-9175
4955;1504;3451
-7434;-8054;620
-2626;3753;-6379
2199;-3784;5983
4947;6375;-1428
-217;-9445;9228
-12303;-8532;-3771
1705;3298;-1593
-3190;1178;-4368
18979;9950;9029
-107;9511;-9618
-1671;-3591;1920
5647;-489;6136
-11656;-6786;-4870
5145;3756;1389
3810;7831;-4021
-11827;-3061;-8766
3273;-2977;6250
-159;-7056;6897
1736;-3539;5275
-2148;-4662;2514
-3594;-5260;1666
16680;7320;9360
-8953;-4995;-3958
-3523;-1053;-2470
-905;-5042;4137
2727;-3119;5846
16473;8363;8110
286;-6873;7159
-4254;-7225;2971
6996;1011;5985
12036;5947;6089
4773;7281;-2508
-2288;-8481;6193
-521;-1531;1010
-13477;-3871;-9606
1332;-5759;7091
17266;8716;8550
3662;-3602;7264
1000;5897;-4897
11295;8677;2618
16831;7557;9274
-19100;-9441;-9659
2348;-6267;8615
-8293;-5754;-2539
2022;-72;2094
562;3589;-3027
5151;8266;-3115
-7371;2612;-9983
-2936;-8869;5933
4530;7056;-2526
6108;-3324;9432
12676;3231;9445
-1209;-9224;8015
-2176;3782;-5958
2866;-2714;5580
-15345;-5803;-9542
-13455;-5811;-7644
-177;-175;-2
-12480;-5752;-6728
-6622;1925;-8547
18110;8934;9176
-4749;-2077;-2672
-11647;-6798;-4849
-1249;441;-1690
-4779;4188;-8967
9653;6690;2963
-2301;-4003;1702
-9250;-8398;-852
-4981;-9179;4198
-8436;-731;-7705
6209;8683;-2474
2390;9454;-7064
-8247;990;-9237
-13746;-3813;-9933
-6324;-7029;705
7813;8756;-943
7278;9773;-2495
12803;3152;9651
2010;1702;308
5666;7625;-1959
9238;5748;3490
547;469;78
-6561;3164;-9725
-12674;-7402;-5272
-100;-8371;8271
3401;7531;-4130
-1508;747;-2255
-10968;-7489;-3479
4921;848;4073
13094;6829;6265
2097;-7438;9535
-4388;1279;-5667
-7620;-4276;-3344
-11061;-8906;-2155
-6184;-526;-5658
13396;8793;4603
6378;3527;2851
-5387;-5243;-144
-6177;-4958;-1219
-3456;381;-3837
9498;873;8625
-784;4145;-4929
8118;4076;4042
6069;2105;3964
3685;-3302;6987
-4893;-3122;-1771
-2751;-6091;3340
11975;6597;5378
-7310;-5955;-1355
2590;-290;2880
-9459;-6905;-2554
7483;3358;4125
-6633;-1366;-5267
5400;-2018;7418
297;9407;-9110
1604;4763;-3159
11174;8037;3137
10860;2128;8732
-4673;1734;-6407
-12738;-7131;-5607
-9464;-8787;-677
11330;3308;8022
1040;-8128;9168
4644;-4310;8954
1693;6835;-5142
-899;-625;-274
-1892;-8218;6326
1733;1064;669
-13915;-4566;-9349
-7869;-9582;1713
-2515;-4787;2272
14641;4964;9677
3116;-6328;9444
14376;7791;6585
11944;4299;7645
-1600;-5033;3433
16375;8174;8201
-16248;-9988;-6260
-2026;1034;-3060
15756;6707;9049
5027;-1491;6518
-1690;4996;-6686
-13374;-7814;-5560
7702;-45;7747
-11733;-8778;-2955
9832;854;8978
7174;800;6374
-4842;2902;-7744
658;-8769;9427
468;-5888;6356
1631;2650;-1019
16951;9775;7176
13670;3778;9892
-3216;-7616;4400
-1621;5136;-6757
-9248;-5442;-3806
-2890;-5983;3093
-3579;-5821;2242
-5360;-4991;-369
-5902;-9582;3680
-3124;947;-4071
4583;9340;-4757
9312;-445;9757
3373;5013;-1640
3744;-3741;7485
-1553;-4743;3190
-3167;-7449;4282
-2036;7316;-9352
-8603;-1408;-7195
-1098;-2730;1632
3203;-1503;4706
6812;2070;4742
6321;6797;-476
2728;-3830;6558
-2560;6504;-9064
-12530;-3081;-9449
84;8995;-8911
-4462;-264;-4198
-348;-9106;8758
-3433;-8799;5366
14813;5004;9809
-199;-335;136
2245;-5711;7956
-2571;-3000;429
-1699;-8435;6736
3907;4877;-970
4588;3140;1448
2599;589;2010
7341;3027;4314
-14205;-10000;-4205
-8768;-3434;-5334
3114;1027;2087
4227;1153;3074
-8977;-5434;-3543
9071;6956;2115
-16463;-8702;-7761
-8140;-3015;-5125
-3459;-2573;-886
-1056;-7814;6758
-16335;-8462;-7873
5435;-3786;9221
-9253;-3262;-5991
-3816;-7087;3271
15235;6126;9109
-3680;5055;-8735
-15245;-8686;-6559
14245;9537;4708
765;4579;-3814
-2442;-5599;3157
9305;3730;5575
6461;1256;5205
5944;6790;-846
7193;-2004;9197
-3602;-2259;-1343
-13866;-6285;-7581
5449;-3382;8831
-15647;-8252;-7395
2849;4389;-1540
-8035;-3388;-4647
13736;4240;9496
-14131;-9942;-4189
15547;7450;8097
-4158;-7187;3029
10046;6942;3104
7825;8388;-563
-12723;-8323;-4400
13803;8544;5259
-2724;753;-3477
-687;-8340;7653
9653;6302;3351
3031;4263;-1232
-13231;-9184;-4047
4504;-2331;6835
-3142;-154;-2988
3230;5919;-2689
1593;7417;-5824
-13213;-7543;-5670
12153;6878;5275
6616;-334;6950
8211;-150;8361
5698;-929;6627
-3825;-3193;-632
-6961;-7769;808
11611;9398;2213
4835;-984;5819
3635;-2410;6045
320;4614;-4294
-14401;-7288;-7113
3931;-417;4348
2930;4831;-1901
-6801;-3882;-2919
-5069;-5369;300
-4466;-1283;-3183
-381;-8057;7676
-12815;-8828;-3987
10717;4344;6373
-3693;698;-4391
-2269;-1198;-1071
-4425;-2260;-2165
5005;9054;-4049
-1068;7657;-8725
-1791;4931;-6722
-6446;199;-6645
2737;-4464;7201
1732;-1952;3684
-14173;-7955;-6218
1843;-4425;6268
-2008;1029;-3037
-807;-3546;2739
5125;9351;-4226
7225;7866;-641
-6770;530;-7300
2233;8736;-6503
-1604;-8015;6411
6636;3796;2840
2119;3998;-1879
-15470;-7949;-7521
918;-7976;8894
-3004;1909;-4913
6251;-2427;8678
-11237;-6667;-4570
-6540;-3408;-3132
-12990;-9441;-3549
-6484;-3255;-3229
4885;-1455;6340
-4622;-8006;3384
540;-1131;1671
2896;8311;-5415
-7243;-5436;-1807
-2232;-2870;638
-17767;-8305;-9462
9548;5142;4406
6581;-1616;8197
5559;-3779;9338
-2876;-8503;5627
14554;9102;5452
13340;4458;8882
2970;9271;-6301
-6803;-634;-6169
7388;2175;5213
-18520;-8700;-9820
-59;7194;-7253
-8029;-8074;45
2009;5415;-3406
-3646;1336;-4982
13862;6528;7334
-4316;-1804;-2512
2783;-5069;7852
-1680;5271;-6951
3769;6350;-2581
-18639;-8669;-9970
3783;-2902;6685
1810;-6262;8072
9582;668;8914
833;505;328
-12365;-9893;-2472
-6047;-850;-5197
-3472;3036;-6508
5049;5336;-287
1288;4253;-2965
-11202;-8708;-2494
3123;-5200;8323
-9973;-9901;-72
-19113;-9955;-9158
-608;7254;-7862
17102;9992;7110
3568;-5058;8626
-5389;-9653;4264
3339;-1958;5297
7483;3313;4170
-10504;-8375;-2129
8398;6496;1902
-4299;2224;-6523
-1948;-9864;7916
12892;8383;4509
12350;8594;3756
9374;6831;2543
3495;-3776;7271
-3765;-778;-2987
3905;1623;2282
9458;3332;6126
13789;4775;9014
-12047;-5966;-6081
-13843;-5107;-8736
986;3553;-2567
-7936;-9801;1865
-8358;-7764;-594
9512;-199;9711
7394;7398;-4
4608;4468;140
7516;3690;3826
-2033;-687;-1346
17584;9473;8111
-11362;-4149;-7213
14001;5065;8936
-2758;-5527;2769
6193;-3341;9534
-6907;-5491;-1416
9944;7554;2390
13637;9590;4047
-3081;-5243;2162
-10340;-1628;-8712
11378;7334;4044
10882;908;9974
12115;2853;9262
2321;-4384;6705
-3268;3537;-6805
-7989;1382;-9371
-10381;-9637;-744
-6931;-8573;1642
-10500;-6890;-3610
-11798;-6903;-4895
17551;9507;8044
-11030;-8953;-2077
-5530;623;-6153
9995;8068;1927
-492;-3937;3445
1554;4873;-3319
2073;6986;-4913
18762;9419;9343
-7551;-8227;676
9367;-19;9386
5385;7502;-2117
-11591;-8341;-3250
6962;115;6847
-3527;5411;-8938
2794;4699;-1905
7158;4058;3100
-4734;-1002;-3732
5059;5122;-63
-2174;6396;-8570
5737;5084;653
3367;3024;343
10182;8684;1498
13268;9198;4070
-1900;3683;-5583
4818;-670;5488
-508;-2185;1677
-5053;-7122;2069
-14675;-8232;-6443
7133;5133;2000
6437;1398;5039
-14932;-6179;-8753
-1250;217;-1467
5119;282;4837
9432;9853;-421
5048;8848;-3800
1509;4492;-2983
1973;-1115;3088
6684;3260;3424
12517;4669;7848
-3059;-3698;639
2792;8297;-5505
862;3401;-2539
-769;-6438;5669
-11053;-5573;-5480
4234;4875;-641
3616;5239;-1623
-2421;6435;-8856
-1755;-9950;8195
3569;2518;1051
-6166;-7517;1351
1289;9813;-8524
-7368;2129;-9497
-10988;-8342;-2646
10810;9762;1048
1840;-4450;6290
6007;1454;4553
5658;8845;-3187
-8049;-6311;-1738
-4968;-307;-4661
1876;-3056;4932
1023;-6711;7734
7305;4333;2972
18717;9253;9464
3661;9559;-5898
14220;5431;8789
-1810;-1913;103
-3695;-6200;2505
-11671;-7817;-3854
2074;-1652;3726
-5532;2122;-7654
278;2988;-2710
-3482;5749;-9231
6309;-2626;8935
-3462;-8410;4948
-4467;-411;-4056
14224;7800;6424
1374;-7160;8534
-1710;-4414;2704
6491;1772;4719
-5657;-3084;-2573
5162;6064;-902
6676;7804;-1128
-1315;-8147;6832
-8478;-6520;-1958
-4221;5504;-9725
11629;8018;3611
-1398;-951;-447
9721;5757;3964
-7539;634;-8173
7656;-2227;9883
9721;9464;257
11270;8885;2385
10771;2625;8146
-9047;-5707;-3340
11357;1926;9431
-918;1583;-2501
-91;-3045;2954
-5679;1726;-7405
-5228;-3340;-1888
-1588;8118;-9706
7437;6292;1145
602;-1127;1729
-2440;-7103;4663
-1878;2743;-4621
-2741;7038;-9779
1293;1618;-325
-4309;-6224;1915
5054;6458;-1404
-6924;1709;-8633
4315;5201;-886
-5144;-4100;-1044
-7299;1695;-8994
-1700;3411;-5111
-1131;2632;-3763
11382;7508;3874
-7800;-3833;-3967
-10536;-9780;-756
-14025;-6899;-7126
-9581;-4503;-5078
-5929;-6332;403
11184;7956;3228
-430;8188;-8618
-1336;1347;-2683
-8706;-6487;-2219
13780;6769;7011
4841;5318;-477
6619;5922;697
8300;5529;2771
-5819;-7541;1722
5289;2435;2854
12556;4159;8397
430;-5050;5480
-5553;-583;-4970
-18233;-8238;-9995
-686;-5662;4976
-8655;-5582;-3073
9656;5238;4418
-1436;7843;-9279
-9532;-1093;-8439
10547;7343;3204
-4114;-3591;-523
-12768;-8705;-4063
4777;-686;5463
-2587;-1110;-1477
2900;-4828;7728
-3350;38;-3388
4152;7796;-3644
16628;9883;6745
3579;8150;-4571
5284;8645;-3361
2236;8294;-6058
-2064;-8165;6101
7918;7334;584
-1665;-8844;7179
-7564;-4812;-2752
-3232;-1656;-1576
961;-30;991
3700;-2527;6227
-994;-896;-98
2359;7961;-5602
3155;3586;-431
1938;-1355;3293
2691;7642;-4951
6318;-448;6766
11417;4324;7093
8798;2547;6251
8225;4830;3395
11629;2606;9023
6463;8164;-1701
-1070;2774;-3844
6691;2081;4610
15198;5300;9898
16476;6797;9679
-4444;3770;-8214
3918;1445;2473
6622;3570;3052
-2104;-4395;2291
-13402;-7374;-6028
5154;9359;-4205
-8634;-2649;-5985
1209;2523;-1314
-11870;-2372;-9498
-5198;-3291;-1907
-11791;-7457;-4334
-1448;5825;-7273
16186;8180;8006
-8570;-9700;1130
-11422;-7274;-4148
-1594;4463;-6057
-11747;-5745;-6002
-8596;711;-9307
3211;-2118;5329
-2210;7452;-9662
-1578;3721;-5299
-10304;-1165;-9139
-2773;-9098;6325
16381;9574;6807
402;2693;-2291
6279;-1394;7673
-5865;-654;-5211
-3738;-9946;6208
-14226;-4462;-9764
16842;9685;7157
-11671;-8246;-3425
-6098;3475;-9573
-655;-7025;6370
-3862;5552;-9414
-13936;-6974;-6962
8579;2737;5842
12414;2907;9507
-4448;-8806;4358
5392;9747;-4355
-1462;-716;-746
-3472;-3105;-367
-17016;-7652;-9364
9553;1415;8138
-1957;-7552;5595
-4935;-8157;3222
-14904;-5653;-9251
-15809;-9328;-6481
759;-8166;8925
10188;8672;1516
-781;7196;-7977
2962;6991;-4029
3526;2191;1335
-13389;-7865;-5524
2166;-3208;5374
-2812;-8530;5718
9379;2235;7144
-6135;-3648;-2487
3176;2870;306
-12301;-8184;-4117
-4289;-6391;2102
-5721;-6727;1006
-4663;-5851;1188
5047;5216;-169
-6805;3172;-9977
-3535;-5990;2455
18385;8514;9871
1639;-6581;8220
1863;7612;-5749
-5447;-322;-5125
2735;-6124;8859
-3005;4363;-7368
-8093;-2160;-5933
2811;2066;745
1904;-564;2468
248;2438;-2190
3921;-5198;9119
-14609;-7740;-6869
5324;9534;-4210
1243;-363;1606
8095;7347;748
-12650;-8916;-3734
1683;3024;-1341
2047;5587;-3540
-12551;-8123;-4428
4759;837;3922
3798;-3051;6849
134;802;-668
-5705;2284;-7989
-7868;-1102;-6766
11713;3866;7847
6011;-2615;8626
9251;2172;7079
-18801;-9482;-9319
-14457;-5101;-9356
928;3545;-2617
2793;8392;-5599
-4497;-1730;-2767
8977;5343;3634
3144;3277;-133
-3481;3833;-7314
-9870;-2508;-7362
6890;929;5961
-2444;-2223;-221
-9226;-7024;-2202
11982;8135;3847
-13199;-6569;-6630
5456;7756;-2300
-1602;5128;-6730
-4771;4910;-9681
3727;797;2930
8035;827;7208
2559;6649;-4090
1898;4245;-2347
-15622;-8868;-6754
-8936;92;-9028
4263;-4569;8832
2805;-3578;6383
89;2058;-1969
10228;1238;8990
7139;-939;8078
-1005;2551;-3556
-11748;-7195;-4553
4200;-539;4739
537;-3973;4510
5873;7145;-1272
4858;4271;587
-6428;-5501;-927
-6064;532;-6596
-1952;1577;-3529
-6059;-5637;-422
17025;9349;7676
-9939;-5802;-4137
3029;9718;-6689
4244;-1691;5935
-3437;-7058;3621
-6448;-3362;-3086
-3432;-2891;-541
4904;6878;-1974
-7463;-8183;720
1295;-3542;4837
1710;4448;-2738
17552;9837;7715
1941;-5654;7595
-4552;4298;-8850
2315;1024;1291
11689;9886;1803
-14713;-6221;-8492
-5091;-6467;1376
410;4954;-4544
-8216;-4209;-4007
-1822;7033;-8855
-8603;-4550;-4053
5806;5526;280
-5623;-6490;867
6982;7665;-683
-13948;-9023;-4925
4991;9114;-4123
1902;-4088;5990
13694;8600;5094
-8233;-6382;-1851
-2760;6350;-9110
-450;792;-1242
6838;3123;3715
-9210;-4245;-4965
-3890;-5867;1977
-13678;-6526;-7152
5698;-1574;7272
11611;6041;5570
-2326;-2831;505
7433;1996;5437
-368;9118;-9486
395;-8009;8404
5719;-612;6331
-427;8599;-9026
-1004;5674;-6678
-10845;-3389;-7456
4158;4538;-380
28;8801;-8773
-17314;-9038;-8276
-4766;-2833;-1933
11616;4331;7285
-11241;-1265;-9976
2678;-6083;8761
4480;8396;-3916
-6743;-7718;975
13973;9024;4949
-1798;-5784;3986
15860;8413;7447
-1802;-6134;4332
9241;-291;9532
6681;1315;5366
3003;-2685;5688
7924;5636;2288
3549;7419;-3870
-2362;-8930;6568
5566;4236;1330
-276;-3744;3468
-10875;-7521;-3354
16069;9181;6888
11757;4500;7257
-5018;-9863;4845
7267;1361;5906
14628;9163;5465
2012;2669;-657
4731;-3269;8000
134;-6041;6175
1086;2489;-1403
-945;-3601;2656
-2241;-408;-1833
560;-535;1095
1359;-4118;5477
6211;3878;2333
17314;9627;7687
-3084;-7566;4482
-13147;-8664;-4483
-262;4986;-5248
-11427;-1920;-9507
-129;-526;397
1655;-5443;7098
18626;9604;9022
9821;5136;4685
10290;3304;6986
-2518;-6529;4011
-15518;-6803;-8715
6388;77;6311
-2731;4070;-6801
-18465;-9538;-8927
-14509;-7725;-6784
423;3762;-3339
2824;-2263;5087
-13137;-9429;-3708
-1449;7629;-9078
-3608;-4503;895
-14794;-5376;-9418
-13177;-9288;-3889
-13247;-7246;-6001
-1841;-3747;1906
791;3623;-2832
-2947;714;-3661
-4348;3045;-7393
-2381;3310;-5691
-9425;-9478;53
3283;8644;-5361
-10603;-8821;-1782
16885;6958;9927
3151;3733;-582
3594;3410;184
-4111;3037;-7148
-774;-8522;7748
-696;1669;-2365
-1530;151;-1681
11171;6397;4774
5274;-1377;6651
2950;3764;-814
-218;8170;-8388
2820;9641;-6821
7649;6544;1105
4808;939;3869
-3088;-9817;6729
-16342;-9732;-6610
4248;3790;458
11434;4499;6935
-7190;-699;-6491
-14228;-8781;-5447
4362;1696;2666
-3019;3179;-6198
-186;-6109;5923
5583;7950;-2367
-10036;-8319;-1717
98;4769;-4671
3446;-5266;8712
-7649;-2392;-5257
-2912;-8679;5767
-5698;934;-6632
-1769;4191;-5960
-7067;2922;-9989
14668;9925;4743
5849;-3442;9291
2074;8764;-6690
-1570;582;-2152
6424;9446;-3022
12969;5483;7486
5363;1067;4296
2810;5569;-2759
8684;9302;-618
-2866;622;-3488
-6931;-7820;889
139;9409;-9270
-6050;-7230;1180
8018;9287;-1269
6219;5142;1077
985;1988;-1003
2123;4376;-2253
-11924;-9409;-2515
-12747;-6086;-6661
-11374;-7887;-3487
-14012;-7200;-6812
-379;-6995;6616
4020;4234;-214
-13838;-5016;-8822
-3109;-9427;6318
2169;5453;-3284
-2629;-5027;2398
-2291;1707;-3998
13027;7319;5708
-9365;-7964;-1401
-10601;-9272;-1329
2180;-6955;9135
2670;3410;-740
-13166;-9396;-3770
-9310;-3123;-6187
-6563;-7039;476
-5344;4568;-9912
-10102;-5827;-4275
4814;1803;3011
5487;4294;1193
-10933;-8461;-2472
-4205;-1429;-2776
-12316;-5041;-7275
7575;796;6779
6740;-243;6983
-6246;-9421;3175
255;-7353;7608
-9732;-4851;-4881
3912;-2299;6211
-1622;-8867;7245
-2338;-9736;7398
-3311;-3828;517
8397;1065;7332
-14012;-4514;-9498
2015;-5364;7379
2999;-4090;7089
14020;4293;9727
10602;1292;9310
-11724;-5865;-5859
-5318;-4797;-521
11377;6064;5313
-7343;2243;-9586
-597;5007;-5604
-8498;550;-9048
7339;4449;2890
-6107;-2308;-3799
-19018;-9172;-9846
3291;1099;2192
3480;9713;-6233
7121;8499;-1378
-1029;-6500;5471
2266;7828;-5562
6172;5990;182
6009;-2016;8025
1167;-5152;6319
15911;9819;6092
7595;3582;4013
-11596;-7605;-3991
-5505;-2568;-2937
3394;-6381;9775
-1428;353;-1781
13701;9328;4373
-1702;-2451;749
13130;6502;6628
-872;1112;-1984
-10324;-9852;-472
-6865;1538;-8403
-13583;-9252;-4331
-6943;-4378;-2565
-8644;-6243;-2401
-5902;-5743;-159
-1294;-452;-842
-9457;-5004;-4453
1111;-8202;9313
3765;-3592;7357
3610;6416;-2806
-6379;-9623;3244
-5851;-1035;-4816
4674;6290;-1616
4212;9610;-5398
-11732;-6145;-5587
-332;-1707;1375
-2544;-248;-2296
3135;3386;-251
-5211;-9489;4278
4334;-728;5062
627;-723;1350
15992;9778;6214
7315;1081;6234
-17944;-8001;-9943
889;-8631;9520
2183;-6860;9043
-7367;-2594;-4773
-3453;2650;-6103
-10227;-1768;-8459
7935;-148;8083
6873;8683;-1810
-13216;-8839;-4377
-4840;-6153;1313
-6141;1500;-7641
-13601;-5265;-8336
3362;-2946;6308
-3043;-4187;1144
-12641;-7872;-4769
-3299;-8793;5494
4020;1822;2198
-12140;-7445;-4695
-4500;-5681;1181
-13580;-9122;-4458
4473;145;4328
-792;-3913;3121
11072;4199;6873
9582;8372;1210
6522;2470;4052
11524;2411;9113
-10006;-6899;-3107
-8179;-2942;-5237
-3872;6073;-9945
-6701;-533;-6168
-3006;-5085;2079
-16;3609;-3625
-499;1058;-1557
-1726;-390;-1336
6834;1995;4839
11842;8191;3651
2800;9027;-6227
116;2398;-2282
-2150;-372;-1778
3944;1444;2500
4227;1286;2941
-11083;-6942;-4141
-12049;-7064;-4985
600;-66;666
-6725;-3803;-2922
-8988;-9432;444
225;-5671;5896
-1598;-6703;5105
1671;-5686;7357
5190;-1259;6449
-479;-9568;9089
-7033;-7919;886
7749;-1489;9238
16284;9694;6590
4169;7037;-2868
-6806;-7847;1041
1530;4469;-2939
-1210;-9868;8658
-14164;-6362;-7802
5718;6421;-703
7942;8659;-717
13334;7459;5875
2310;7201;-4891
1991;9463;-7472
-5607;-9031;3424
-16465;-9914;-6551
6625;6002;623
2431;237;2194
-5094;-8001;2907
6802;4655;2147
-3524;-4363;839
-12720;-6415;-6305
9342;2841;6501
4974;6405;-1431
9185;8102;1083
2901;1888;1013
-4643;-9192;4549
8955;213;8742
3755;-1493;5248
4565;7197;-2632
-7076;-1890;-5186
13374;3961;9413
3360;6150;-2790
5816;9606;-3790
8075;-1093;9168
-4718;4359;-9077
-7260;1077;-8337
80;-8227;8307
1560;-6573;8133
-12712;-3692;-9020
-2938;589;-3527
-14038;-7872;-6166
-9336;-8;-9328
5492;2168;3324
-2055;-2405;350
6295;974;5321
-10471;-8027;-2444
-6862;1672;-8534
-3221;-3964;743
13691;5849;7842
16950;8367;8583
2379;-4438;6817
-11432;-5989;-5443
10583;9854;729
-7892;-7777;-115
-14209;-5335;-8874
14596;7437;7159
2411;5437;-3026
-8465;-5893;-2572
-12394;-5573;-6821
10187;6079;4108
7665;5764;1901
2331;6401;-4070
7576;7982;-406
-9000;425;-9425
3013;-2795;5808
-12090;-4011;-8079
-65;-3540;3475
-9327;-3816;-5511
-6537;-9830;3293
-17347;-8646;-8701
-4408;-7418;3010
14276;9544;4732
3859;988;2871
202;3900;-3698
10117;7449;2668
-4225;-682;-3543
-7297;-1117;-6180
-2611;3855;-6466
9757;9859;-102
995;-8757;9752
10138;8748;1390
3150;1998;1152
-7204;-6403;-801
3320;1582;1738
3110;-4903;8013
-13100;-3923;-9177
1418;1581;-163
-5399;4158;-9557
-15111;-8669;-6442
7737;-125;7862
16426;8204;8222
-14666;-5753;-8913
9960;2900;7060
8306;9606;-1300
9729;-252;9981
4145;5787;-1642
-7979;-374;-7605
4308;3559;749
-6450;-3749;-2701
1237;6907;-5670
8778;5545;3233
-15629;-9425;-6204
-395;-4294;3899
-12751;-9192;-3559
6320;-1837;8157
6971;2106;4865
-813;-5521;4708
10186;4626;5560
13273;8599;4674
-960;8508;-9468
-4370;-3928;-442
-1710;7996;-9706
-7252;-6981;-271
-13782;-8855;-4927
-6038;-3433;-2605
8656;6691;1965
2066;-7889;9955
13776;9157;4619
782;8934;-8152
-1560;6697;-8257
7083;481;6602
6846;7668;-822
-880;459;-1339
10836;8060;2776
3349;8916;-5567
-10923;-9466;-1457
7748;709;7039
-5515;-1034;-4481
-1423;2738;-4161
-5430;-5268;-162
946;539;407
6474;4380;2094
13170;6826;6344
2582;-5623;8205
-7957;-6335;-1622
9208;5394;3814
6393;9469;-3076
10138;6150;3988
4647;0;4647
-3446;-1166;-2280
5056;-1406;6462
3638;414;3224
2918;7069;-4151
-6031;421;-6452
9906;9667;239
12926;7103;5823
1039;3957;-2918
-8568;-1251;-7317
16787;7072;9715
639;9319;-8680
-19202;-9542;-9660
-4289;-3662;-627
19063;9419;9644
3708;-1722;5430
7166;8280;-1114
-5876;-3903;-1973
17235;7886;9349
-4332;779;-5111
-12563;-9949;-2614
-3871;-463;-3408
4801;3364;1437
-12617;-8718;-3899
1271;8052;-6781
-9415;-3712;-5703
-6989;-6904;-85
-3317;5406;-8723
3102;7218;-4116
-3676;-4776;1100
3687;7874;-4187
-11211;-2162;-9049
6855;8616;-1761
17757;8567;9190
-5883;-9319;3436
-16338;-7777;-8561
4807;-5020;9827
623;5359;-4736
6518;1904;4614
2339;1897;442
-15758;-9883;-5875
9224;2018;7206
14242;9375;4867
4960;-273;5233
-2065;-7046;4981
-12008;-5775;-6233
3331;7735;-4404
781;6723;-5942
6052;4919;1133
-7291;-9907;2616
-3161;-4802;1641
13141;8141;5000
1719;2845;-1126
7352;6982;370
-4667;-2536;-2131
-9147;-461;-8686
-2807;-8932;6125
17398;9230;8168
-3108;-5653;2545
-6284;-9233;2949
7041;8435;-1394
6934;5329;1605
5081;1762;3319
2700;5205;-2505
-2418;-3769;1351
13495;4438;9057
7145;4602;2543
2111;7315;-5204
11344;4485;6859
2152;3217;-1065
-16084;-9679;-6405
-8143;-3154;-4989
3181;8184;-5003
-9471;-3742;-5729
4163;2049;2114
-821;-443;-378
2495;-5973;8468
-5753;99;-5852
16101;8290;7811
2070;-1573;3643
-3835;-2945;-890
1744;6057;-4313
6898;9506;-2608
5928;9590;-3662
18558;9028;9530
3220;2503;717
-11060;-3998;-7062
374;-7125;7499
-964;8358;-9322
7676;78;7598
610;2840;-2230
8421;5784;2637
-6997;-8645;1648
-4366;-2778;-1588
-14930;-8048;-6882
-3006;6146;-9152
-16222;-8918;-7304
7683;811;6872
-94;2045;-2139
6550;8060;-1510
6821;8934;-2113
-9753;-2127;-7626
-4990;-7981;2991
66;4021;-3955
14556;4919;9637
3446;-5080;8526
186;-4467;4653
-10609;-8693;-1916
2629;3443;-814
-13752;-8839;-4913
-2821;-3372;551
-3831;-1652;-2179
595;-8336;8931
13445;5323;8122
8521;4994;3527
-12747;-5063;-7684
-15659;-7592;-8067
3871;-3459;7330
10261;653;9608
10014;3075;6939
-12159;-8209;-3950
7961;3392;4569
-5216;-5264;48
14791;7585;7206
-151;-367;216
-3454;1684;-5138
687;97;590
4908;-3221;8129
19013;9885;9128
-10247;-9074;-1173
-10074;-6448;-3626
-934;804;-1738
-3827;-5281;1454
-4903;-5415;512
10634;992;9642
1;1099;-1098
-10767;-3339;-7428
4864;4734;130
1805;2571;-766
7190;8211;-1021
-8680;-2874;-5806
8005;6128;1877
-5026;-3932;-1094
7450;337;7113
12330;9870;2460
9315;7048;2267
-10373;-7695;-2678
2230;-6048;8278
7355;4302;3053
-1095;-8647;7552
-535;8625;-9160
6287;2859;3428
8819;2491;6328
5818;9127;-3309
18285;9503;8782
-15915;-9455;-6460
4298;1519;2779
3784;-1204;4988
-8459;-8371;-88
3900;-5247;9147
6584;-937;7521
8824;4254;4570
-4524;2567;-7091
-15494;-8550;-6944
10077;7104;2973
7664;8497;-833
4772;7995;-3223
-1984;-6732;4748
4886;-3205;8091
-8917;520;-9437
-2984;-9698;6714
3187;-5180;8367
4117;267;3850
9559;6159;3400
-1119;5095;-6214
-1676;306;-1982
10670;6736;3934
10141;3472;6669
-4854;-6461;1607
-9515;-7497;-2018
-12121;-4709;-7412
5019;6177;-1158
-3330;3223;-6553
8383;2701;5682
9914;4493;5421
15743;9529;6214
-1376;-5535;4159
-983;8964;-9947
9852;2450;7402
2868;-2680;5548
-4231;4506;-8737
-6999;-1721;-5278
8321;3018;5303
3631;-6137;9768
-7198;-4513;-2685
7727;-822;8549
-2024;-3857;1833
7402;-1969;9371
-13937;-4144;-9793
7627;-1569;9196
-6980;656;-7636
-12263;-7288;-4975
-13320;-5567;-7753
-13402;-8186;-5216
14782;9362;5420
4330;2745;1585
2556;-2221;4777
-7613;-8825;1212
-6435;428;-6863
-214;-95;-119
8544;7294;1250
6280;-2302;8582
5063;9478;-4415
-843;-767;-76
-5655;1127;-6782
3848;-1465;5313
-8176;-1485;-6691
2491;5427;-2936
2983;3736;-753
-2986;-1957;-1029
14177;9945;4232
8042;1935;6107
-7007;-62;-6945
-1014;5728;-6742
-3018;3041;-6059
13931;4454;9477
8285;9980;-1695
996;-5238;6234
10820;6060;4760
-1044;-3317;2273
-9203;-4891;-4312
15614;7738;7876
9869;4953;4916
-8261;-569;-7692
3586;4040;-454
5910;8375;-2465
4815;5971;-1156
-12314;-6290;-6024
-15086;-8512;-6574
2771;564;2207
-2113;2212;-4325
-1755;6059;-7814
14875;9398;5477
-12981;-4124;-8857
-12156;-9467;-2689
3955;-5066;9021
-2516;-6921;4405
9778;7349;2429
15135;7211;7924
241;3585;-3344
11515;4260;7255
5884;7823;-1939
5413;3791;1622
-8067;-3144;-4923
4864;-2907;7771
3267;4418;-1151
-3343;-1528;-1815
-8277;-4302;-3975
1141;516;625
10324;5138;5186
-8562;-9614;1052
13242;5664;7578
-3909;-5918;2009
4795;4022;773
-187;-817;630
7739;6526;1213
4174;-4157;8331
5819;5757;62
-12406;-8796;-3610
5482;-4285;9767
-10461;-6485;-3976
2901;738;2163
-3877;-3031;-846
17800;8546;9254
9088;2707;6381
7196;6482;714
7048;5505;1543
4005;6252;-2247
-599;-261;-338
-223;4457;-4680
1341;2801;-1460
-929;8726;-9655
-6417;-3053;-3364
-4642;4605;-9247
1868;-6604;8472
5919;2807;3112
-8330;-3060;-5270
12134;6849;5285
-2977;-7888;4911
12788;6457;6331
-3333;1128;-4461
2131;2403;-272
7095;5070;2025
-5354;4479;-9833
-8512;-598;-7914
-13059;-3242;-9817
-9238;-2045;-7193
-5718;-5409;-309
-3493;-7060;3567
-5823;366;-6189
4580;9157;-4577
5246;9154;-3908
7549;7229;320
-10128;-958;-9170
-16053;-7023;-9030
-1556;-388;-1168
8658;9719;-1061
4100;-2894;6994
13093;8514;4579
-19980;-9984;-9996
-8151;-2213;-5938
2571;-1286;3857
-6144;-1368;-4776
-11603;-7894;-3709
-7000;-1722;-5278
1523;4320;-2797
-11944;-3440;-8504
-7006;-3047;-3959
-141;9694;-9835
8625;-834;9459
15539;7994;7545
-2077;-1982;-95
-9618;-2018;-7600
14374;6440;7934
5116;-2408;7524
9592;9698;-106
-16083;-7981;-8102
-87;2147;-2234
8068;-1512;9580
268;8296;-8028
5142;3184;1958
14921;8496;6425
-2197;-6396;4199
-13402;-8727;-4675
15469;8996;6473
-15094;-7961;-7133
-7762;-7847;85
-2400;-6628;4228
3206;1991;1215
-15308;-6724;-8584
-2915;199;-3114
1585;-4770;6355
5088;-3743;8831
-3608;-6202;2594
3110;-4309;7419
2581;4605;-2024
7421;-1588;9009
-5150;2815;-7965
5873;1648;4225
-1054;8316;-9370
1565;8203;-6638
7257;3192;4065
-7294;-5343;-1951
3400;8883;-5483
2338;1583;755
4949;7808;-2859
12828;7610;5218
12299;4796;7503
-23;4984;-5007
-12191;-5437;-6754
-8956;-4336;-4620
-8785;-2609;-6176
6297;9290;-2993
8074;3096;4978
-2210;-3996;1786
-16151;-8047;-8104
-11250;-2047;-9203
1365;5607;-4242
-289;8677;-8966
-10741;-3840;-6901
-1182;5409;-6591
-11973;-5134;-6839
-739;-8579;7840
-9998;-3660;-6338
12563;5294;7269
5932;7588;-1656
-6435;-8446;2011
2273;-142;2415
4749;-1403;6152
-945;-1422;477
4917;307;4610
-637;2345;-2982
-7955;-4885;-3070
-1159;6364;-7523
9298;949;8349
-8053;-1483;-6570
285;389;-104
-746;-1067;321
-11693;-9735;-1958
4654;9374;-4720
-10319;-6698;-3621
-5339;640;-5979
3838;1961;1877
-8892;-7513;-1379
5490;-601;6091
-7054;-1997;-5057
5483;1094;4389
11295;6617;4678
5685;7608;-1923
10223;6441;3782
-965;226;-1191
-2597;2973;-5570
5602;-3493;9095
158;924;-766
8203;-406;8609
-14939;-7031;-7908
-15699;-8321;-7378
-14649;-7764;-6885
-7040;-7876;836
-8908;-4554;-4354
8312;8052;260
-2125;-1724;-401
-3360;-9397;6037
-16050;-9235;-6815
-3917;-3829;-88
-6733;-1746;-4987
6468;10000;-3532
13652;4473;9179
10069;7735;2334
-4400;241;-4641
-15794;-9229;-6565
-308;-9714;9406
4415;-2018;6433
-8358;-3730;-4628
3201;5602;-2401
-14821;-6142;-8679
-739;8005;-8744
2447;-3240;5687
5528;8322;-2794
2121;1162;959
-6340;-7070;730
2148;-2415;4563
1871;-2513;4384
7150;7426;-276
-6647;-6698;51
54;-9565;9619
2893;-6740;9633
16347;8707;7640
-16533;-8701;-7832
-5875;3045;-8920
13210;8109;5101
2639;5182;-2543
-12132;-2257;-9875
-8838;-4618;-4220
-14959;-5642;-9317
-7850;-9816;1966
6517;5657;860
-7592;-1022;-6570
16031;9261;6770
-6329;-2086;-4243
434;-2666;3100
12589;4267;8322
-9907;-1963;-7944
-3972;-3615;-357
1479;-4010;5489
-6011;3118;-9129
1764;9877;-8113
11534;9139;2395
-1412;-5289;3877
12740;4603;8137
-5884;3209;-9093
-190;1506;-1696
-4690;-6908;2218
-3385;-2756;-629
10970;7545;3425
-13723;-7023;-6700
-9721;-9597;-124
-12681;-4412;-8269
1056;1842;-786
-8945;-6774;-2171
-483;-1261;778
-11499;-1952;-9547
-5724;1699;-7423
4868;2807;2061
-7227;386;-7613
2869;3933;-1064
-1144;8054;-9198
4825;-3459;8284
7168;2558;4610
-11228;-6647;-4581
6005;714;5291
2107;-4904;7011
-1067;-7786;6719
11793;5806;5987
1446;-4324;5770
-6886;-2920;-3966
-5530;-4162;-1368
-5404;2965;-8369
-4102;2189;-6291
-3152;903;-4055
8019;9351;-1332
17450;9248;8202
5958;-3184;9142
1246;9587;-8341
10062;208;9854
8166;8444;-278
2536;-4771;7307
1902;-1186;3088
11135;6097;5038
12476;3557;8919
4232;8248;-4016
-4466;2373;-6839
8293;-1573;9866
-7112;-3879;-3233
-2254;5594;-7848
-8648;-9042;394
1072;8281;-7209
11831;6666;5165
6861;3366;3495
-16476;-6557;-9919
4952;3277;1675
-1414;-3488;2074
-8623;-58;-8565
-12946;-9117;-3829
-585;724;-1309
-3447;-6728;3281
-4796;-9399;4603
2431;-3319;5750
13337;8483;4854
-12851;-3196;-9655
5204;6182;-978
-1069;-7974;6905
-15184;-7594;-7590
391;-6569;6960
-9218;-3343;-5875
2702;-6400;9102
4296;-1333;5629
-2804;-1824;-980
3235;587;2648
-1881;4914;-6795
-4500;-410;-4090
991;-765;1756
5754;-1244;6998
-1776;-1021;-755
7124;7691;-567
-1275;-9681;8406
-12481;-7133;-5348
11171;9004;2167
5207;2095;3112
-15752;-7143;-8609
-98;-9337;9239
1184;3556;-2372
-11661;-1741;-9920
2115;-4873;6988
-4110;-7182;3072
-546;3439;-3985
8220;1846;6374
5013;-2805;7818
380;4458;-4078
-13199;-5849;-7350
-319;-6056;5737
4458;8487;-4029
804;7408;-6604
-2800;3604;-6404
-2329;3632;-5961
4400;-5569;9969
-487;-3787;3300
2667;-5138;7805
-8873;-7819;-1054
13403;5740;7663
1776;1009;767
393;-8335;8728
4540;1665;2875
-13034;-9791;-3243
15040;7248;7792
1239;-3370;4609
992;4039;-3047
-4593;-1200;-3393
-919;-8635;7716
9097;3648;5449
9198;4077;5121
-3335;1379;-4714
-4944;781;-5725
2956;2287;669
2380;3307;-927
-8992;-3678;-5314
-16070;-7677;-8393
12002;8470;3532
4402;-2458;6860
11147;1778;9369
9081;4357;4724
19307;9785;9522
-8891;-8543;-348
-2543;-4891;2348
4428;-231;4659
-13271;-3442;-9829
-283;-4915;4632
4615;9338;-4723
-1715;-8092;6377
-7860;-4493;-3367
-13795;-8431;-5364
8661;7598;1063
-1402;-7319;5917
4204;-4461;8665
1361;-5797;7158
-3336;-9655;6319
1628;-523;2151
-3000;-5999;2999
707;9520;-8813
-56;331;-387
-1857;-1565;-292
-1663;-8268;6605
1229;8708;-7479
7271;3440;3831
-7144;-1001;-6143
-17369;-8972;-8397
-15332;-5418;-9914
165;1597;-1432
3144;-1339;4483
2721;2807;-86
-2561;-6741;4180
5172;-187;5359
3833;-1528;5361
9340;2888;6452
-849;2745;-3594
12985;9608;3377
802;-7180;7982
-13968;-7479;-6489
1810;9312;-7502
-11990;-4359;-7631
11055;1198;9857
4445;5309;-864
7682;148;7534
-2375;4949;-7324
7576;-683;8259
8578;4604;3974
7958;6300;1658
8226;686;7540
-17220;-8903;-8317
-5388;-5672;284
-4926;-2357;-2569
-2690;3132;-5822
3086;9555;-6469
4876;9937;-5061
-8275;-1764;-6511
-3682;-2506;-1176
-1998;-8002;6004
-9990;-8996;-994
14801;5330;9471
-1845;3717;-5562
14990;7357;7633
1869;-2161;4030
4325;-812;5137
2193;1248;945
15149;6467;8682
6909;1580;5329
2254;1831;423
-18356;-9317;-9039
12068;4811;7257
432;-398;830
5117;-1910;7027
-9712;-7371;-2341
-3228;-3605;377
-1820;5943;-7763
8173;-1159;9332
2133;-5118;7251
-8796;-6404;-2392
1545;-4083;5628
2570;8878;-6308
1838;-7370;9208
-7343;1905;-9248
1700;4151;-2451
6329;43;6286
-7676;-8947;1271
11175;5422;5753
-13573;-7197;-6376
6517;1731;4786
-2506;885;-3391
-3528;-4995;1467
1411;5066;-3655
-3494;-3733;239
2419;-6331;8750
-82;-917;835
-13127;-8272;-4855
-7670;2322;-9992
4225;-726;4951
-2181;6041;-8222
15999;7279;8720
4130;5116;-986
-8074;-2216;-5858
3022;-69;3091
-5235;-4117;-1118
4411;4967;-556
7242;5463;1779
3632;-4742;8374
12291;7549;4742
-4506;-6727;2221
11031;6102;4929
11063;7646;3417
11025;7035;3990
279;1782;-1503
9193;2676;6517
-11742;-2302;-9440
3205;4896;-1691
-16622;-9181;-7441
2880;8889;-6009
-7739;-5853;-1886
-12329;-7337;-4992
-2285;2484;-4769
6764;7089;-325
-454;2467;-2921
-4608;-2750;-1858
7717;5521;2196
-10614;-3210;-7404
225;-900;1125
7346;-1671;9017
-9751;-6353;-3398
-2432;4168;-6600
-3927;-2228;-1699
828;3240;-2412
-13364;-9194;-4170
-13483;-9589;-3894
-8893;226;-9119
-12301;-7533;-4768
1799;5153;-3354
-9923;-3353;-6570
-2018;2241;-4259
-6606;2222;-8828
11489;6960;4529
-1437;5049;-6486
-3571;3867;-7438
4955;-2519;7474
-2035;4109;-6144
2925;-1959;4884
709;3846;-3137
16424;7815;8609
-2301;7568;-9869
14633;7536;7097
-3146;-2611;-535
10510;2346;8164
4941;-3477;8418
-11301;-2733;-8568
4776;9034;-4258
16740;7743;8997
-249;7677;-7926
-15680;-6905;-8775
-3252;-4022;770
-17405;-7640;-9765
4194;2795;1399
-3158;4332;-7490
2098;-6225;8323
-2126;4129;-6255
17006;9996;7010
-2963;-5815;2852
12631;7276;5355
3192;-2878;6070
-4207;-9334;5127
14398;8861;5537
3889;971;2918
-5976;-6202;226
-8134;-1195;-6939
-8213;-6985;-1228
-13306;-9223;-4083
-11703;-3742;-7961
-13698;-6228;-7470
-3428;-9683;6255
8791;-358;9149
-3914;-4046;132
5552;1066;4486
-4296;-5810;1514
3618;8507;-4889
-14823;-5132;-9691
5582;-2193;7775
-2992;-7580;4588
14200;8233;5967
-12382;-3814;-8568
1117;-8852;9969
6541;4103;2438
-84;-1707;1623
-7485;-9584;2099
-1046;2324;-3370
977;189;788
-4171;2499;-6670
-11199;-7951;-3248
-12847;-9073;-3774
12321;2360;9961
8245;7259;986
6515;8778;-2263
658;9558;-8900
7775;7426;349
-7256;-8712;1456
-6364;208;-6572
613;2471;-1858
5915;-306;6221
357;-277;634
2652;-3471;6123
10839;7922;2917
-1257;5184;-6441
-5846;-5459;-387
-9138;-1563;-7575
-2344;-5804;3460
-10121;-9574;-547
-8238;-9067;829
-7076;-3606;-3470
-14834;-8089;-6745
8666;1601;7065
1305;2033;-728
-11186;-4568;-6618
-1752;-6178;4426
10389;949;9440
-14784;-4866;-9918
-6918;-9788;2870
-12905;-9222;-3683
4169;-4671;8840
9821;6532;3289
-1056;-3347;2291
-3909;5907;-9816
-1216;1416;-2632
-5303;1400;-6703
-4360;-1681;-2679
-10511;-7551;-2960
6645;4436;2209
5285;5114;171
13533;6930;6603
15126;7809;7317
3285;-6294;9579
2563;-3434;5997
3627;4063;-436
11503;5661;5842
-6371;-9583;3212
-4803;-3742;-1061
-9942;-5177;-4765
-181;3897;-4078
202;-4290;4492
2138;8870;-6732
-12729;-3043;-9686
-1406;3069;-4475
16976;9462;7514
-5164;2285;-7449
-7117;-5765;-1352
-7479;-6430;-1049
-130;-503;373
1467;1458;9
-12546;-8612;-3934
7858;8340;-482
6816;8569;-1753
3291;3038;253
-4278;-2501;-1777
1105;-5150;6255
-730;-9344;8614
10178;1541;8637
8402;6632;1770
-11431;-2250;-9181
-3192;-6656;3464
-2729;-9981;7252
-5227;-2852;-2375
4613;1474;3139
-1717;8264;-9981
-7270;2082;-9352
-9921;-8751;-1170
1751;-966;2717
-12764;-9734;-3030
-4800;-2715;-2085
3867;5566;-1699
-9990;-7306;-2684
2837;6513;-3676
1458;3167;-1709
-10094;-4596;-5498
-379;-4842;4463
-5942;-9129;3187
1432;2275;-843
-1313;7923;-9236
14872;9019;5853
-1941;-2801;860
-4454;-4989;535
-1936;776;-2712
-7241;-7505;264
-15368;-8436;-6932
12375;7745;4630
-2469;-1742;-727
-6799;-2185;-4614
9995;7039;2956
-9111;-2556;-6555
-1928;6648;-8576
3403;1698;1705
11679;8065;3614
15152;6096;9056
2550;7814;-5264
-10112;-5505;-4607
7327;-2334;9661
-686;4983;-5669
-8493;-9585;1092
4441;-5389;9830
-4186;1605;-5791
-8313;-9750;1437
4507;-5305;9812
1844;3330;-1486
-1724;746;-2470
1010;-1124;2134
-800;4914;-5714
9891;8786;1105
-451;-7893;7442
2464;-165;2629
11666;8957;2709
-193;-2239;2046
10140;8886;1254
-5706;-8995;3289
9208;8514;694
-8973;-5896;-3077
-2435;-7199;4764
-511;-7341;6830
6005;1448;4557
-733;7169;-7902
4068;-1305;5373
-9160;-180;-8980
1876;8857;-6981
-926;-6942;6016
-13214;-7539;-5675
5391;4090;1301
-490;3411;-3901
8452;7197;1255
-11750;-9932;-1818
8525;2606;5919
12035;5450;6585
5773;9597;-3824
-6045;433;-6478
-14688;-7893;-6795
-8952;-5356;-3596
11;-3627;3638
14432;5211;9221
16023;8185;7838
815;-61;876
-8531;-4927;-3604
2163;1510;653
11657;4136;7521
-16123;-9660;-6463
2688;6078;-3390
-3758;2846;-6604
-4011;-2600;-1411
5115;4925;190
-6551;-1207;-5344
-10429;-7952;-2477
3967;-5678;9645
268;1477;-1209
7959;2644;5315
6110;5527;583
-8092;152;-8244
-15063;-5561;-9502
7563;4384;3179
-13265;-5334;-7931
2574;-4914;7488
5242;-190;5432
-4804;-5748;944
-5590;-6401;811
-6301;2312;-8613
10134;3948;6186
-3140;-8745;5605
-2653;-473;-2180
72;2488;-2416
13956;4791;9165
-1443;4192;-5635
-3292;-5075;1783
8372;-893;9265
851;2965;-2114
-178;-2285;2107
-8797;-8004;-793
8185;1533;6652
6243;3125;3118
10705;3945;6760
13479;8756;4723
-13566;-9737;-3829
-5766;-7075;1309
3160;5151;-1991
-5886;-9094;3208
9;-2132;2141
9218;9643;-425
12314;5049;7265
-2861;650;-3511
7767;6812;955
-12573;-3225;-9348
-13110;-5520;-7590
-9478;-7991;-1487
12188;9765;2423
1513;-4528;6041
-1923;5548;-7471
12059;5133;6926
1342;3355;-2013
7403;6640;763
8017;6633;1384
1349;-2991;4340
-2228;-5083;2855
-11416;-7408;-4008
-1186;3256;-4442
2453;6317;-3864
-1413;-4999;3586
-5883;1525;-7408
-10768;-6015;-4753
-2544;-286;-2258
541;-5660;6201
6036;113;5923
-7320;-263;-7057
1059;4903;-3844
1473;-1738;3211
-10233;-5384;-4849
-515;-7667;7152
7711;7847;-136
340;1982;-1642
3689;-4357;8046
7681;4600;3081
384;-7902;8286
-10824;-6549;-4275
5949;741;5208
10263;8137;2126
1175;-3405;4580
-10357;-686;-9671
3171;6351;-3180
-5768;-6512;744
-12337;-6632;-5705
9650;8569;1081
-965;-6001;5036
5706;8195;-2489
-772;-320;-452
1107;8933;-7826
6892;9278;-2386
3905;489;3416
8911;825;8086
-1998;5848;-7846
-5319;-7400;2081
3389;964;2425
-3262;4823;-8085
4796;6610;-1814
4102;9342;-5240
8242;6734;1508
13720;7407;6313
6707;1265;5442
2966;-4353;7319
4057;-1202;5259
10259;7250;3009
11010;4641;6369
1553;5134;-3581
-4777;-4089;-688
-9599;-1659;-7940
10692;4585;6107
630;5301;-4671
5972;-3176;9148
1785;4687;-2902
3983;7596;-3613
214;-7948;8162
5053;-3551;8604
2427;3492;-1065
-5065;1859;-6924
4101;-4288;8389
-1874;4917;-6791
7927;-289;8216
-10824;-7415;-3409
1350;1476;-126
-10815;-3098;-7717
11784;9241;2543
-719;-9055;8336
-11750;-7912;-3838
10952;7322;3630
-6871;-8758;1887
-12525;-9581;-2944
-2130;-2965;835
5701;-909;6610
3102;2589;513
-18948;-9902;-9046
8411;3203;5208
275;7454;-7179
-10219;-8405;-1814
-5847;-7389;1542
-10307;-2673;-7634
3245;8401;-5156
-12466;-8083;-4383
-6494;-2846;-3648
3415;-3166;6581
2487;-6544;9031
-27;1461;-1488
-5123;-9586;4463
1852;-7460;9312
12013;4212;7801
-4644;1275;-5919
384;-5503;5887
10991;5260;5731
-1556;-5012;3456
13820;9926;3894
-10981;-9113;-1868
-5755;4001;-9756
-10196;-4381;-5815
9034;7236;1798
13300;4860;8440
-10008;-3649;-6359
5873;1227;4646
-2076;7178;-9254
-3993;901;-4894
-3329;3944;-7273
-16303;-8922;-7381
-936;-4706;3770
8447;8005;442
2267;727;1540
-2318;-6652;4334
-9631;-9876;245
3838;8559;-4721
-5008;-4534;-474
-4506;1309;-5815
-3842;663;-4505
-2397;-3087;690
-8141;-5953;-2188
-1022;7721;-8743
4924;6961;-2037
4873;9582;-4709
11001;9377;1624
-1917;7871;-9788
-13505;-5285;-8220
13971;7200;6771
5821;6983;-1162
1097;7907;-6810
-13765;-5423;-8342
-947;43;-990
3588;-5409;8997
8085;1810;6275
9457;2149;7308
-12567;-7847;-4720
-11796;-6958;-4838
-2639;4146;-6785
842;1647;-805
-1143;-7411;6268
1457;-5908;7365
4339;2451;1888
-1023;5827;-6850
-5908;-1905;-4003
11560;7340;4220
-10494;-6290;-4204
-6634;-8681;2047
2346;9754;-7408
-3719;-5171;1452
-67;-5903;5836
12991;6503;6488
-8631;-4055;-4576
-2769;-7415;4646
-8645;653;-9298
2776;3454;-678
6136;1673;4463
-8551;-2053;-6498
-12170;-3468;-8702
1198;1696;-498
10589;6238;4351
-5084;-2655;-2429
13989;7382;6607
-7712;-1013;-6699
1519;-1924;3443
-2164;-5075;2911
6215;-2462;8677
-124;-8180;8056
-849;1192;-2041
-11324;-2210;-9114
10037;7591;2446
3358;8370;-5012
9868;5508;4360
-7948;-4773;-3175
12015;5480;6535
-974;-5539;4565
-10597;-9393;-1204
9260;8534;726
5886;4184;1702
14017;6641;7376
-10000;-7618;-2382
-5145;2446;-7591
-861;-2001;1140
3655;9580;-5925
10292;9061;1231
-4940;-400;-4540
-3879;3404;-7283
-12257;-8630;-3627
-703;2920;-3623
-9014;-1134;-7880
-2559;2989;-5548
15680;9066;6614
-6240;563;-6803
8502;7856;646
4877;-133;5010
-6402;1731;-8133
-9279;-2480;-6799
-6629;-9882;3253
2876;-300;3176
12589;3375;9214
-2540;-1571;-969
3609;2362;1247
-2747;-7015;4268
-9366;-5770;-3596
-2700;-850;-1850
129;5886;-5757
-7501;-9852;2351
-6573;-9148;2575
-3112;-4708;1596
17350;8779;8571
-10389;-6538;-3851
1083;5004;-3921
116;5267;-5151
-5410;-7710;2300
-5928;3921;-9849
4854;8421;-3567
10414;1224;9190
61;893;-832
-1177;-842;-335
-4932;2111;-7043
-1286;5672;-6958
-8634;-6819;-1815
-14139;-9752;-4387
-9316;-1043;-8273
-7177;2482;-9659
3285;7858;-4573
-8774;133;-8907
10501;7822;2679
-11164;-7230;-3934
-8571;-9068;497
2618;7479;-4861
9494;8099;1395
-5091;-5756;665
5529;4081;1448
-6351;-2537;-3814
12376;6945;5431
1029;-3918;4947
3468;1111;2357
44;8240;-8196
-6422;1325;-7747
3229;-3206;6435
-7126;-1149;-5977
-11609;-4051;-7558
8335;3123;5212
-4834;-4104;-730
2665;-1525;4190
-2781;-7597;4816
-1571;5568;-7139
8512;2187;6325
-9652;-9620;-32
-6514;2412;-8926
-3946;-2119;-1827
-16039;-8552;-7487
5943;3501;2442
3910;6912;-3002
7735;6875;860
-7558;2161;-9719
1484;-1604;3088
-137;4061;-4198
-12996;-6429;-6567
11304;4260;7044
-7670;-2072;-5598
2797;-7165;9962
-8032;1297;-9329
11319;6231;5088
1889;-876;2765
2829;6825;-3996
6645;2471;4174
-4356;4714;-9070
-6852;794;-7646
2142;-1250;3392
-6915;-9650;2735
-1448;3866;-5314
1731;-99;1830
-1693;767;-2460
11068;6883;4185
11176;2440;8736
7011;4990;2021
-16711;-9820;-6891
4125;-4934;9059
-8530;-53;-8477
1124;7538;-6414
-5342;-4203;-1139
8742;6839;1903
-18505;-8984;-9521
4578;150;4428
6710;-725;7435
-9251;-1044;-8207
-8058;-8834;776
-4206;-7609;3403
1418;-567;1985
-10255;-8659;-1596
-325;-9898;9573
-11091;-9825;-1266
-6618;-171;-6447
5215;9909;-4694
8175;4066;4109
12041;9220;2821
-3943;-4269;326
-2585;632;-3217
-1988;6289;-8277
940;6708;-5768
7828;5208;2620
3728;6408;-2680
-15285;-7743;-7542
-14052;-9976;-4076
8796;2333;6463
-3439;-4338;899
-13593;-8580;-5013
18893;9042;9851
-14165;-6029;-8136
4721;9158;-4437
-2786;-4526;1740
-8315;-6608;-1707
4789;-4378;9167
-15467;-8023;-7444
-3366;-4772;1406
11562;6601;4961
-1659;412;-2071
963;2817;-1854
3653;8670;-5017
-14504;-7325;-7179
5571;2192;3379
-1644;-7316;5672
-15898;-6896;-9002
-4747;-1128;-3619
3842;8949;-5107
9220;2718;6502
-6064;-2419;-3645
12138;8407;3731
-1000;-2055;1055
-15216;-9716;-5500
15635;5833;9802
-1970;-1494;-476
10158;3027;7131
-11048;-2921;-8127
-9538;-6430;-3108
10192;9286;906
1983;-6469;8452
-13106;-9314;-3792
-6997;-8336;1339
-6444;833;-7277
4416;6859;-2443
7829;3186;4643
-172;7817;-7989
17714;7966;9748
-1479;2227;-3706
-1316;-7244;5928
13406;3696;9710
-9947;-1901;-8046
3532;6468;-2936
-1711;-9625;7914
13;7255;-7242
5584;218;5366
1705;-4487;6192
13115;9518;3597
-6528;-9484;2956
-88;-9089;9001
12021;5376;6645
-2670;4369;-7039
5026;2239;2787
10467;6945;3522
3468;7834;-4366
10004;7660;2344
-13233;-7569;-5664
-3072;1048;-4120
-7056;2892;-9948
2137;-6934;9071
-5591;-9263;3672
4359;4419;-60
10201;9588;613
4442;2468;1974
6133;1745;4388
357;-7596;7953
7452;4930;2522
-1592;7463;-9055
-6095;2994;-9089
-1273;1659;-2932
-14559;-8148;-6411
-14914;-9017;-5897
-6158;-439;-5719
-5004;-697;-4307
-12854;-4877;-7977
5536;-2374;7910
411;-9039;9450
-12853;-8201;-4652
12750;6634;6116
14280;8189;6091
-2249;-5029;2780
2194;995;1199
5416;1891;3525
2667;1804;863
-11557;-9779;-1778
-1813;1512;-3325
10431;3979;6452
1393;5981;-4588
-4326;-4723;397
5154;4558;596
-790;-8440;7650
6326;7104;-778
-1929;-624;-1305
2858;7863;-5005
-15071;-9891;-5180
-1165;-5525;4360
-4874;1671;-6545
-10716;-5969;-4747
7872;6080;1792
-7493;-1904;-5589
-10891;-9143;-1748
1616;3324;-1708
2853;6268;-3415
6044;8841;-2797
-4433;302;-4735
-6647;-6964;317
-8148;192;-8340
-11202;-6504;-4698
2452;-2003;4455
16109;7969;8140
201;2519;-2318
-4260;4714;-8974
1372;1180;192
18887;9072;9815
-3925;-7268;3343
-10252;-1188;-9064
-2691;5798;-8489
-2405;4782;-7187
705;5317;-4612
2748;325;2423
7315;1688;5627
-5434;13;-5447
8870;9345;-475
-10361;-9293;-1068
3665;-979;4644
3707;3882;-175
2052;-4873;6925
19569;9829;9740
-3867;-127;-3740
-766;2378;-3144
145;-2448;2593
3123;722;2401
-13143;-4897;-8246
-3390;-4787;1397
3297;-2362;5659
-10207;-3187;-7020
3526;-4758;8284
1842;-5129;6971
9285;1020;8265
6798;3278;3520
832;-3428;4260
5316;7551;-2235
-12701;-5056;-7645
3247;2737;510
-7913;-4949;-2964
7528;-1432;8960
12564;3937;8627
-3099;-5487;2388
9288;446;8842
-4470;-8964;4494
11185;8838;2347
414;-6214;6628
-6282;-1506;-4776
-8404;-7560;-844
6004;640;5364
-3349;-222;-3127
575;-1417;1992
-8851;-2656;-6195
5368;-1400;6768
10510;2514;7996
-1261;-3212;1951
-26;9391;-9417
-102;5910;-6012
-6350;-4815;-1535
-3982;-6565;2583
1706;-6847;8553
6195;-1680;7875
-3026;1111;-4137
44;-3100;3144
-1111;3866;-4977
-4576;4497;-9073
168;673;-505
-4989;-3336;-1653
1686;5324;-3638
-316;2715;-3031
11776;4889;6887
16896;7269;9627
-1425;-9260;7835
5729;-2084;7813
6746;7248;-502
-12330;-9318;-3012
2134;2223;-89
12821;4694;8127
8851;728;8123
3950;-2581;6531
4815;4909;-94
2704;-5535;8239
17134;7190;9944
-15152;-9012;-6140
-2213;-8647;6434
858;-8771;9629
369;9282;-8913
561;6647;-6086
-4785;-517;-4268
8063;6152;1911
9533;4555;4978
5067;6920;-1853
-6922;-5188;-1734
8190;6445;1745
2417;8809;-6392
-2273;-7069;4796
-8016;-2915;-5101
1751;-2378;4129
11972;4441;7531
3215;-803;4018
-7860;-6131;-1729
6648;9029;-2381
-4106;-5097;991
-4760;-6015;1255
13454;6759;6695
-11787;-5313;-6474
-5448;-1846;-3602
-3106;-2563;-543
9312;4161;5151
-8510;-5818;-2692
5380;8963;-3583
-9228;-8201;-1027
3198;7708;-4510
-3698;-7519;3821
5899;8550;-2651
3757;-2943;6700
-3162;-8378;5216
-1949;-8960;7011
-2760;5073;-7833
8824;6859;1965
4221;-1374;5595
9632;6603;3029
-12235;-3102;-9133
-784;-814;30
4841;9262;-4421
407;-2148;2555
3278;2849;429
-2832;2768;-5600
-6684;115;-6799
2143;-665;2808
4898;5465;-567
8369;9883;-1514
5120;7502;-2382
10784;2480;8304
-12259;-7756;-4503
3861;-2640;6501
-10464;-8680;-1784
13368;4179;9189
-11802;-9224;-2578
18285;9350;8935
7441;713;6728
-4357;1162;-5519
-2598;434;-3032
8058;2931;5127
-11414;-3975;-7439
-13987;-5079;-8908
7816;6572;1244
-7679;-8659;980
-10985;-2151;-8834
-10056;-1949;-8107
13475;4938;8537
-7290;-3136;-4154
-5345;-8475;3130
1491;-5283;6774
1400;-4333;5733
9236;3520;5716
13150;6930;6220
-9709;-948;-8761
-1084;-5581;4497
-6016;-6986;970
2825;-1317;4142
-2101;-6213;4112
-4678;-3003;-1675
-5131;-9319;4188
-8107;-4455;-3652
2136;-6441;8577
1339;-6794;8133
-7969;-7687;-282
8283;3738;4545
-7386;-2340;-5046
-5255;3539;-8794
-8111;-8278;167
12289;7053;5236
-7215;-3516;-3699
-17438;-8105;-9333
-2955;-4477;1522
13948;5777;8171
7458;-1023;8481
-1250;-3805;2555
-7993;-3225;-4768
-3007;-2170;-837
-6828;939;-7767
-1752;-9747;7995
-10534;-6140;-4394
-5060;297;-5357
7711;5689;2022
3216;-2381;5597
1092;1731;-639
9105;1436;7669
142;1775;-1633
11510;6394;5116
-16840;-8822;-8018
3804;-6073;9877
-6545;-5987;-558
-1912;-1256;-656
-12990;-8049;-4941
-7355;296;-7651
-1907;907;-2814
-12816;-5337;-7479
-195;-8438;8243
8173;7951;222
1414;-2615;4029
12285;4667;7618
-11942;-2162;-9780
-2511;4661;-7172
2338;6437;-4099
-800;-807;7
-4021;1277;-5298
-3881;-5023;1142
-9288;-7924;-1364
-4950;2769;-7719
-5853;-1067;-4786
-12057;-9489;-2568
-7442;-5820;-1622
8266;-515;8781
-5215;-3923;-1292
4684;5536;-852
-7073;-4014;-3059
-8334;-6018;-2316
-909;7929;-8838
-10595;-7229;-3366
13083;6892;6191
8749;3077;5672
-10758;-2232;-8526
-543;6426;-6969
2754;-6158;8912
-473;7372;-7845
15308;5368;9940
17028;8482;8546
16716;7117;9599
15551;9213;6338
-7199;2374;-9573
8623;5775;2848
-1399;-8466;7067
2695;5168;-2473
12363;2615;9748
-3451;4381;-7832
-8123;-4621;-3502
-179;-6244;6065
162;7720;-7558
986;186;800
-10156;-4185;-5971
-5287;30;-5317
-8887;-1031;-7856
-700;-7738;7038
10367;1145;9222
-2279;-8155;5876
-5135;-1147;-3988
423;269;154
-10087;-4223;-5864
-5178;-3697;-1481
-4971;-7373;2402
6216;7689;-1473
13708;5888;7820
-8145;510;-8655
-6707;-7886;1179
-4278;-7737;3459
-12754;-5215;-7539
-10923;-8288;-2635
-18565;-9445;-9120
-8568;-1305;-7263
-770;3267;-4037
-577;-7478;6901
3682;-3203;6885
2928;4107;-1179
9004;3828;5176
-3202;2223;-5425
877;-5267;6144
-7926;-2388;-5538
-11207;-6593;-4614
17920;8993;8927
-12404;-8164;-4240
2586;-2787;5373
-1376;6709;-8085
1902;-3762;5664
-17861;-8109;-9752
-2622;710;-3332
-190;7424;-7614
4958;2928;2030
5785;782;5003
451;-5352;5803
-7491;-4189;-3302
-5855;3214;-9069
1237;7939;-6702
4151;4304;-153
138;9106;-8968
-2561;-4056;1495
-14233;-6572;-7661
4015;-3291;7306
10899;4956;5943
594;-7732;8326
947;-1507;2454
3649;-5255;8904
7497;6063;1434
-6248;-7483;1235
8947;5380;3567
5879;-4086;9965
-4607;-5987;1380
-12207;-3388;-8819
1529;-6904;8433
1662;-6427;8089
10769;9585;1184
4883;1149;3734
9359;1816;7543
5553;4011;1542
6238;5504;734
5423;-3028;8451
5422;2738;2684
2238;4103;-1865
-696;9138;-9834
-15013;-7946;-7067
-18624;-8984;-9640
2135;4208;-2073
7830;4019;3811
15308;6251;9057
7378;6518;860
-1990;5506;-7496
2491;2726;-235
10864;5516;5348
964;1013;-49
6932;3546;3386
-6735;2378;-9113
-1005;4780;-5785
-17218;-7628;-9590
1468;-4501;5969
8034;4877;3157
-5675;-4776;-899
5370;2085;3285
2949;-3121;6070
4184;5944;-1760
10326;5747;4579
4262;-3407;7669
-3708;-3733;25
-4619;-2873;-1746
-9499;311;-9810
2850;7995;-5145
-12527;-9365;-3162
1019;9512;-8493
-11031;-2739;-8292
-7728;-3323;-4405
17507;9629;7878
-1796;-8409;6613
-6467;-8734;2267
948;-8458;9406
9745;8392;1353
3076;-6625;9701
-3423;-6139;2716
-4451;-526;-3925
5764;6163;-399
3116;8850;-5734
10150;7070;3080
4378;5898;-1520
1481;-4575;6056
-9145;-263;-8882
-451;-3872;3421
7525;9345;-1820
-7899;-2052;-5847
-17324;-8618;-8706
-8892;-2392;-6500
-1332;-800;-532
1332;-7617;8949
-184;-1855;1671
-2998;-8821;5823
12248;9143;3105
55;-5752;5807
-1806;-8192;6386
-15168;-6155;-9013
11934;6140;5794
12011;9255;2756
-13156;-4585;-8571
8351;-688;9039
11513;9885;1628
4543;-4336;8879
978;8695;-7717
-611;1949;-2560
-7005;-3674;-3331
-1689;-9747;8058
-7615;-1879;-5736
94;-2642;2736
-8021;-2484;-5537
4026;-5549;9575
-7129;-5829;-1300
6477;-2906;9383
4095;-3560;7655
-3010;-9261;6251
-552;-8694;8142
7604;5728;1876
9651;2495;7156
5664;3218;2446
1088;1946;-858
-8044;-2531;-5513
17129;7415;9714
-17704;-8402;-9302
3606;1153;2453
-51;8271;-8322
-2650;5125;-7775
2537;8432;-5895
11552;7505;4047
7442;7383;59
-12824;-3269;-9555
16107;7286;8821
-7774;-6037;-1737
9085;194;8891
-1741;-2012;271
-13188;-7073;-6115
6236;3181;3055
5581;-4057;9638
-9685;-1478;-8207
9139;8107;1032
549;-5941;6490
695;8400;-7705
-6890;-9545;2655
-6750;-9510;2760
-9032;-5417;-3615
-2085;5486;-7571
10026;1403;8623
403;3813;-3410
491;5103;-4612
3226;-1641;4867
3520;-4677;8197
-6256;-5550;-706
5736;9642;-3906
17626;7835;9791
372;-2450;2822
1865;8173;-6308
-9407;-3547;-5860
-11045;-6761;-4284
-5889;-9402;3513
5085;-1404;6489
-11214;-8230;-2984
-12308;-2599;-9709
2462;-6851;9313
9121;8798;323
-14173;-7133;-7040
11551;8951;2600
-14326;-8364;-5962
2783;4436;-1653
10479;6431;4048
1181;-925;2106
-5028;-8825;3797
10214;3683;6531
3215;-525;3740
-7973;-9981;2008
1940;-6911;8851
-8318;-3887;-4431
8073;9702;-1629
12777;8997;3780
15248;9687;5561
12389;9049;3340
8850;1591;7259
-15978;-6820;-9158
-9753;-108;-9645
1599;3480;-1881
-139;6754;-6893
1570;-3585;5155
5687;8445;-2758
-1657;-7187;5530
509;9829;-9320
-2833;5332;-8165
-11024;-7759;-3265
-4411;-3523;-888
-410;-4467;4057
-5641;4006;-9647
14338;9718;4620
-1793;6336;-8129
5087;-4273;9360
2622;6980;-4358
1384;-1681;3065
15572;6134;9438
-11539;-2594;-8945
-2260;-2461;201
9014;9233;-219
-3511;-4909;1398
-10537;-7333;-3204
-7152;-8162;1010
14045;8689;5356
10899;4065;6834
-12445;-3350;-9095
-2211;2346;-4557
-5162;-5887;725
-4744;2622;-7366
-2619;7225;-9844
-3632;-2677;-955
6005;4825;1180
-6659;-2214;-4445
-3622;-2238;-1384
930;-4226;5156
-6764;-9973;3209
-17663;-7951;-9712
7877;1989;5888
-4128;3957;-8085
6846;-319;7165
9406;-24;9430
1640;1000;640
15573;7473;8100
-4086;-3800;-286
3200;778;2422
6809;-1050;7859
7821;5530;2291
10347;9150;1197
9577;5488;4089
3098;-886;3984
8892;6010;2882
-7809;1041;-8850
7819;9023;-1204
-14848;-7524;-7324
-1038;6795;-7833
-15929;-6054;-9875
-12370;-4869;-7501
10628;5996;4632
8480;2377;6103
-9583;-8641;-942
-748;3545;-4293
-834;-5480;4646
-14531;-5240;-9291
168;-3472;3640
-1812;7139;-8951
-8864;-3665;-5199
-4388;3913;-8301
2732;-2534;5266
718;5841;-5123
-727;853;-1580
4649;2463;2186
12947;8540;4407
18493;9865;8628
8246;6627;1619
-6033;778;-6811
-7714;-8620;906
-9460;-6057;-3403
-13166;-7071;-6095
-10455;-1233;-9222
-14167;-9715;-4452
8435;1444;6991
-8934;-1866;-7068
8142;-891;9033
-7447;-9927;2480
-3926;-4253;327
14697;5759;8938
15374;9629;5745
-6407;-3873;-2534
-2442;5393;-7835
-9;7141;-7150
14866;6825;8041
-12581;-3031;-9550
-3676;122;-3798
-9857;-5773;-4084
-2505;-4805;2300
-18733;-8843;-9890
-453;-7607;7154
6959;1733;5226
9314;-632;9946
2169;-4140;6309
7092;-1871;8963
1608;-5978;7586
9292;2728;6564
-10321;-7638;-2683
-7215;-7098;-117
4521;7600;-3079
4637;-2269;6906
-1647;3689;-5336
-679;2478;-3157
4062;2641;1421
6008;-3517;9525
2021;-5679;7700
-5196;-2680;-2516
6188;5991;197
-7459;-4609;-2850
-4124;1558;-5682
-7108;-8467;1359
12616;7499;5117
-4538;-4091;-447
-5618;3017;-8635
2779;5138;-2359
-13015;-4436;-8579
-8751;-5671;-3080
-16915;-8696;-8219
7750;514;7236
-6878;-595;-6283
994;2054;-1060
1973;1218;755
-3612;3723;-7335
-922;-6174;5252
8387;5325;3062
14757;6955;7802
3950;-274;4224
-9659;-6583;-3076
18515;9518;8997
13857;9348;4509
7875;909;6966
4358;8577;-4219
17511;8943;8568
7739;-1019;8758
17805;7914;9891
6978;8440;-1462
-3082;-4308;1226
-2354;-7161;4807
-4139;3574;-7713
2937;4482;-1545
-978;7300;-8278
-9597;-1388;-8209
-13156;-6103;-7053
7090;-2081;9171
-154;-3027;2873
-6755;-8171;1416
182;8743;-8561
14338;8277;6061
4070;-3087;7157
-13412;-3455;-9957
13562;9213;4349
-4624;-2954;-1670
1919;-386;2305
11838;1917;9921
7263;536;6727
4553;-106;4659
420;-7165;7585
-4251;-5039;788
-5278;2392;-7670
-13013;-3679;-9334
-3343;-632;-2711
6247;1008;5239
-8165;1009;-9174
-1209;-1362;153
4956;-930;5886
-2453;-5694;3241
6609;-544;7153
4854;6896;-2042
6086;3722;2364
-2230;6518;-8748
-5408;-5951;543
4979;-2544;7523
-6845;-4373;-2472
-13026;-7044;-5982
-1058;1986;-3044
-12111;-3165;-8946
-11337;-3456;-7881
-18093;-8324;-9769
-8988;-4776;-4212
269;6480;-6211
4367;-3826;8193
3032;350;2682
7881;8799;-918
507;-7912;8419
-5362;-646;-4716
-5711;-4224;-1487
2575;-1916;4491
-12539;-3385;-9154
-6341;1404;-7745
10706;5624;5082
-10662;-8054;-2608
5181;4307;874
-13250;-9157;-4093
854;3015;-2161
-4670;690;-5360
4577;1295;3282
1176;4141;-2965
-1430;-4588;3158
5084;9194;-4110
-10570;-8303;-2267
-4613;178;-4791
5424;-2442;7866
3281;-1807;5088
5491;-255;5746
-1852;3138;-4990
5261;-2426;7687
6108;-1769;7877
9674;3419;6255
10006;477;9529
-4006;4634;-8640
-3963;-7176;3213
4925;-1161;6086
5546;9786;-4240
-16319;-9627;-6692
1326;-555;1881
6828;-1199;8027
195;2294;-2099
-3020;2825;-5845
16694;9280;7414
-3895;-6412;2517
-5612;-2353;-3259
-2086;1539;-3625
5170;-606;5776
-2037;7597;-9634
561;-1366;1927
-13814;-8841;-4973
-9864;-9547;-317
-2056;-2106;50
-10321;-5670;-4651
-1135;3011;-4146
3038;7422;-4384
-5692;202;-5894
-14667;-8666;-6001
5010;1775;3235
7480;4603;2877
-1439;6322;-7761
-15192;-6197;-8995
1273;5783;-4510
-14681;-8865;-5816
-10467;-1669;-8798
274;-2979;3253
-3154;-7422;4268
-7093;-2760;-4333
-11804;-7114;-4690
-12046;-2836;-9210
4423;5872;-1449
-4458;-8631;4173
9344;510;8834
-1253;2545;-3798
6102;-2045;8147
1597;2164;-567
-839;3097;-3936
15834;7551;8283
-12787;-5806;-6981
-18456;-8585;-9871
762;-1385;2147
7197;444;6753
-9588;-6135;-3453
6732;2193;4539
-9301;-8472;-829
-8416;-8813;397
6960;4547;2413
8357;4127;4230
12462;4164;8298
-3853;1890;-5743
-51;-894;843
-14881;-8112;-6769
-8000;-4061;-3939
5906;5907;-1
2011;-3182;5193
6594;-2726;9320
-6195;-5062;-1133
17375;7810;9565
-467;-4903;4436
-2582;-2318;-264
1449;-708;2157
6353;8553;-2200
-246;-3389;3143
-1581;4078;-5659
-5668;-1416;-4252
5209;5209;0
-9850;-4425;-5425
8159;5025;3134
636;1354;-718
-3060;-1496;-1564
6023;3010;3013
4171;-291;4462
111;6592;-6481
-510;7138;-7648
14681;7103;7578
6116;-76;6192
-9898;-2138;-7760
13589;5470;8119
4223;-5772;9995
-9057;-3382;-5675
13465;6976;6489
-11783;-8704;-3079
3196;4;3192
-7040;1486;-8526
1190;2984;-1794
15255;6019;9236
-5020;3422;-8442
145;4371;-4226
-9438;-7488;-1950
14200;9636;4564
-16073;-7491;-8582
9676;7560;2116
-11040;-3041;-7999
-2894;-7339;4445
-9291;-8429;-862
12120;9959;2161
3372;6675;-3303
3264;3118;146
10178;9838;340
5378;-2060;7438
-3948;-7882;3934
-4843;-5682;839
8909;9440;-531
3482;-5579;9061
9032;423;8609
-7827;-957;-6870
10439;7745;2694
-11070;-1689;-9381
-4603;-5965;1362
8264;761;7503
13841;5971;7870
7228;9041;-1813
-5953;-5870;-83
10503;9625;878
16542;9328;7214
-2275;-8893;6618
4584;3087;1497
6044;-129;6173
-13060;-5994;-7066
1296;232;1064
14683;8664;6019
6779;5781;998
7962;4700;3262
6422;8851;-2429
746;-2418;3164
-5804;-3819;-1985
-7264;-6684;-580
17627;9910;7717
2051;-7519;9570
-4466;2886;-7352
5751;4166;1585
-6703;1428;-8131
13713;8110;5603
-6750;2117;-8867
1505;6991;-5486
-128;-8966;8838
9502;7347;2155
2481;718;1763
3130;5329;-2199
10639;7295;3344
18923;9669;9254
-11321;-7369;-3952
10122;2585;7537
1716;-2349;4065
-14836;-8743;-6093
-7109;-3744;-3365
1282;6835;-5553
-4896;-2557;-2339
-12536;-5804;-6732
3640;357;3283
2197;-4224;6421
12142;2507;9635
10403;6613;3790
6978;4618;2360
-6912;-8626;1714
11488;1801;9687
1283;-8338;9621
-12491;-6598;-5893
6808;4878;1930
316;-3766;4082
-10481;-4884;-5597
1104;-6308;7412
8643;7837;806
-254;-7448;7194
-16774;-6792;-9982
12253;4631;7622
4216;-1320;5536
14650;6745;7905
6334;4838;1496
-6477;-9336;2859
4656;5721;-1065
2077;-6766;8843
-15046;-5641;-9405
4920;9272;-4352
329;6478;-6149
2865;-5874;8739
-8110;1333;-9443
-4778;1522;-6300
-3691;-3770;79
13874;9122;4752
-4173;-5527;1354
-10029;-9996;-33
-3479;-1036;-2443
-10992;-7234;-3758
-8779;-792;-7987
2110;4520;-2410
-2760;-5535;2775
2138;-6258;8396
7315;4889;2426
-1794;-3095;1301
-1976;-1348;-628
6842;-2145;8987
4789;-1831;6620
-1959;6876;-8835
17987;9140;8847
-9450;-9907;457
-16788;-8485;-8303
-9371;-2381;-6990
-3202;-6595;3393
6092;-3032;9124
-8338;-9019;681
-9357;-7142;-2215
3487;-6127;9614
9924;5689;4235
-7975;-3838;-4137
-8937;-9356;419
10420;7218;3202
-10793;-6299;-4494
-8503;-9010;507
-6618;-5320;-1298
10798;4579;6219
-18548;-8607;-9941
3548;-5908;9456
4365;9240;-4875
9679;933;8746
1543;7135;-5592
-2088;-6592;4504
-11478;-2845;-8633
10571;9345;1226
-7540;-3516;-4024
-13045;-4249;-8796
-10501;-1630;-8871
-2223;5698;-7921
3152;9655;-6503
17855;9122;8733
6421;2253;4168
-6119;-4489;-1630
-5440;-5004;-436
-17692;-9618;-8074
5166;7202;-2036
2702;-1289;3991
712;-7978;8690
-1817;516;-2333
405;-3653;4058
-8217;-9575;1358
10145;814;9331
9580;5193;4387
-16714;-7184;-9530
-5672;-3725;-1947
-8599;-5683;-2916
-6296;-2360;-3936
1715;-5963;7678
-2375;5206;-7581
12741;7406;5335
6749;-578;7327
-7164;-4092;-3072
5541;8828;-3287
-982;-1968;986
-925;-7999;7074
6315;9410;-3095
-4385;-1154;-3231
-4066;2355;-6421
4573;9591;-5018
-2427;-1854;-573
-9235;-3044;-6191
-224;-2474;2250
19597;9770;9827
1555;-7291;8846
-8731;-9705;974
-8676;-8739;63
3072;6291;-3219
-2434;-4940;2506
-17651;-8922;-8729
-11299;-9716;-1583
-998;5910;-6908
-1457;-9811;8354
4230;1810;2420
-452;-288;-164
9595;3255;6340
-1073;-4044;2971
-8828;196;-9024
584;3173;-2589
3043;-3588;6631
-6716;-7311;595
-258;-7514;7256
-529;1219;-1748
-5215;-7259;2044
-18008;-9541;-8467
-1007;-1323;316
1376;8163;-6787
-4560;-267;-4293
19302;9718;9584
-14417;-7005;-7412
-7873;-8824;951
7104;850;6254
-2782;-4887;2105
-1322;-1964;642
-2186;-9398;7212
-3015;-4985;1970
-15200;-7137;-8063
-671;-1260;589
7701;2059;5642
-11395;-9894;-1501
2557;8865;-6308
-4612;1833;-6445
-5584;3467;-9051
2370;-5143;7513
-19180;-9996;-9184
-10607;-6810;-3797
-7318;-2094;-5224
2507;-921;3428
8742;8666;76
14142;5487;8655
-17571;-8990;-8581
8041;8545;-504
9755;1990;7765
-2348;3646;-5994
10327;3140;7187
3716;2655;1061
-1437;2541;-3978
6839;9215;-2376
-3387;5731;-9118
6069;-2363;8432
5009;4812;197
10830;9919;911
-11412;-3414;-7998
7723;3041;4682
9316;513;8803
2488;1907;581
2569;-1292;3861
-2853;-7587;4734
-696;4447;-5143
2351;2011;340
282;9711;-9429
10873;1032;9841
16061;7427;8634
11818;1912;9906
5564;7061;-1497
-1925;-5850;3925
4956;6248;-1292
2440;-2070;4510
-3619;905;-4524
-9675;-2979;-6696
-8571;-3333;-5238
-14693;-7258;-7435
-2739;4126;-6865
-1610;-502;-1108
3441;8350;-4909
-9439;-7081;-2358
-5093;-8151;3058
5401;1774;3627
6948;6106;842
9623;8539;1084
-12631;-2883;-9748
-6003;-5491;-512
246;1635;-1389
-9731;-6036;-3695
13241;7798;5443
4402;4818;-416
-5826;-1789;-4037
-2188;-2573;385
-9045;-6974;-2071
-4315;-452;-3863
16225;9039;7186
-3954;6039;-9993
-773;-7173;6400
-7114;-9005;1891
-6837;355;-7192
3340;2346;994
-7972;-3338;-4634
-3168;-4011;843
-12908;-3966;-8942
-863;-5618;4755
5032;-1520;6552
9401;33;9368
-3206;-1561;-1645
4618;7502;-2884
-13910;-8296;-5614
3246;7681;-4435
-2445;-6232;3787
-2053;6746;-8799
9400;8171;1229
6271;-1939;8210
-8475;-4193;-4282
6852;4889;1963
-14702;-9636;-5066
3085;-4462;7547
-10005;-597;-9408
8982;9411;-429
-3683;-647;-3036
-745;-2580;1835
-8085;-2560;-5525
-14458;-9834;-4624
-2834;-2808;-26
12470;7658;4812
-6949;-1081;-5868
-3221;-8665;5444
-11807;-9525;-2282
-1975;-8056;6081
-15050;-6136;-8914
-8676;-4845;-3831
-2646;-5747;3101
8230;-202;8432
-3540;-4927;1387
-7267;-9;-7258
3596;-5179;8775
8599;3386;5213
10914;5383;5531
-5607;-1467;-4140
194;1898;-1704
7423;2665;4758
-7511;-2681;-4830
-2307;-4410;2103
-11499;-9760;-1739
4452;8008;-3556
8580;133;8447
4867;9750;-4883
6179;-1425;7604
6622;-1942;8564
-523;-333;-190
-2344;1300;-3644
326;-8687;9013
-7561;-7369;-192
-3669;4998;-8667
9556;3096;6460
-9361;-6367;-2994
-8090;-3638;-4452
-11107;-8935;-2172
-4328;1703;-6031
2672;-4666;7338
724;7149;-6425
-2737;-308;-2429
14392;9704;4688
1771;7380;-5609
-3126;-8022;4896
5579;-1322;6901
6068;1899;4169
-476;-3412;2936
6985;8034;-1049
8329;-945;9274
409;-8857;9266
12887;3413;9474
8100;7243;857
-16499;-7056;-9443
-4001;-6424;2423
-3713;-6758;3045
1684;3922;-2238
2195;2263;-68
4194;-1098;5292
-12297;-5870;-6427
-2853;1545;-4398
10462;2652;7810
5772;4317;1455
14384;4431;9953
4972;404;4568
-5282;-1887;-3395
-3900;-6819;2919
3552;4349;-797
-7210;1188;-8398
5719;3700;2019
-607;-2291;1684
5739;-2406;8145
-16526;-8144;-8382
5498;-2427;7925
-424;-645;221
6725;7509;-784
1330;-4565;5895
2231;5147;-2916
-2352;524;-2876
1750;-7699;9449
-6037;-9084;3047
4274;-4294;8568
431;-3355;3786
10928;5651;5277
-884;1257;-2141
1563;-6300;7863
1016;2497;-1481
-14931;-6896;-8035
778;-6126;6904
1316;2628;-1312
7624;5974;1650
7149;-2759;9908
1522;4887;-3365
7202;7274;-72
-5064;-1035;-4029
13581;9933;3648
1288;-3575;4863
-685;-1196;511
-10576;-9919;-657
-2183;6252;-8435
-3686;-8341;4655
5317;-538;5855
7633;1959;5674
4040;4814;-774
12411;2481;9930
-16685;-8360;-8325
10529;6825;3704
2503;-6722;9225
985;-7694;8679
8066;6440;1626
15204;7274;7930
8063;6067;1996
875;5113;-4238
7103;7097;6
-6385;-63;-6322
10890;9413;1477
-10126;-4843;-5283
-5697;-344;-5353
5534;6994;-1460
8767;4968;3799
-11781;-2066;-9715
4155;-2500;6655
-289;458;-747
-550;4078;-4628
-1583;8301;-9884
4392;6015;-1623
-1883;-7079;5196
1609;1338;271
-13049;-6546;-6503
12278;5089;7189
-2737;-3161;424
-4730;-2827;-1903
-3291;-6502;3211
713;7883;-7170
-8816;-5780;-3036
-16746;-8632;-8114
4886;7179;-2293
-14077;-4906;-9171
10118;2226;7892
-10306;-4428;-5878
18991;9131;9860
-17274;-9479;-7795
2628;4502;-1874
16295;8269;8026
-11780;-5022;-6758
9556;1557;7999
-58;-939;881
5042;8810;-3768
6420;5281;1139
11903;2409;9494
2930;6012;-3082
248;-7210;7458
-1426;1851;-3277
-4706;-9165;4459
-9460;-1720;-7740
1419;7874;-6455
1157;2949;-1792
-4813;3784;-8597
13688;8246;5442
-12547;-2802;-9745
-12616;-3369;-9247
-588;2080;-2668
12461;4523;7938
9360;-412;9772
-2639;-8264;5625
-8831;-7872;-959
-1202;3710;-4912
-12202;-3590;-8612
-11332;-3087;-8245
15425;7695;7730
9351;2255;7096
-8892;-2995;-5897
4004;-3871;7875
8875;7538;1337
-916;-2464;1548
-3932;-1340;-2592
4169;898;3271
1976;-6082;8058
-8808;330;-9138
9787;2456;7331
-12028;-7843;-4185
1568;-4686;6254
-183;1964;-2147
-3734;2725;-6459
-2821;-6002;3181
7117;605;6512
4760;-464;5224
-1250;7840;-9090
-17780;-9884;-7896
6583;4361;2222
919;-4343;5262
2291;-7610;9901
-5510;-6007;497
16638;6845;9793
1793;3488;-1695
5302;6065;-763
-1050;3903;-4953
3824;2430;1394
4207;6890;-2683
-13737;-8798;-4939
13975;7504;6471
-442;-6422;5980
14473;4663;9810
-12743;-5855;-6888
-88;-6978;6890
-3439;-6892;3453
8338;7025;1313
2919;401;2518
-8707;-5777;-2930
-2216;-3765;1549
-2638;116;-2754
-6834;-6438;-396
-8337;-4265;-4072
-8955;-445;-8510
-10451;-1092;-9359
-280;-6411;6131
12624;3257;9367
2499;9937;-7438
-1116;2906;-4022
-5451;-3047;-2404
652;6955;-6303
-2478;6319;-8797
3366;5155;-1789
4411;1111;3300
-5251;-1123;-4128
-2649;-8380;5731
-7409;-6273;-1136
3141;1624;1517
-514;-1739;1225
-5926;2533;-8459
9129;897;8232
-12632;-4342;-8290
-708;963;-1671
-3077;-5016;1939
569;3706;-3137
2964;-4114;7078
-17559;-9279;-8280
13300;7248;6052
3369;-6381;9750
-1132;4484;-5616
2184;-2448;4632
1929;-2883;4812
12792;3695;9097
-4050;-8245;4195
-2915;-439;-2476
5876;1071;4805
2035;-809;2844
2215;-2179;4394
8229;8326;-97
-10464;-4086;-6378
5981;8045;-2064
14453;7741;6712
-5109;1701;-6810
-1841;6965;-8806
-958;-6503;5545
-5660;-1464;-4196
12735;3720;9015
-12272;-3123;-9149
-1881;-3693;1812
4884;-5058;9942
-8394;-1522;-6872
-2343;2309;-4652
-12363;-6453;-5910
-3846;-885;-2961
9347;41;9306
-1119;-5875;4756
-10555;-2444;-8111
-4265;-9369;5104
-2581;4772;-7353
-8198;-6332;-1866
-5838;3309;-9147
-10221;-9794;-427
1575;-615;2190
1090;780;310
7842;5488;2354
5447;5260;187
-10684;-8936;-1748
-6349;3326;-9675
-3402;-5175;1773
-481;7901;-8382
5346;9119;-3773
-131;6977;-7108
-4809;-5671;862
1780;2455;-675
-11216;-1432;-9784
-5036;3410;-8446
7245;7452;-207
-2128;-1463;-665
851;3440;-2589
6224;5097;1127
-5796;-9087;3291
14117;9398;4719
680;5919;-5239
980;6791;-5811
-9717;-4195;-5522
-7756;-6390;-1366
18696;9574;9122
14334;7562;6772
-2687;5004;-7691
-5258;-8769;3511
-3063;3364;-6427
7616;-1958;9574
-3555;-9913;6358
1888;-5426;7314
-6194;-8929;2735
-15158;-8129;-7029
195;-8292;8487
6648;-86;6734
-5711;-6431;720
14382;8474;5908
2567;4008;-1441
1596;562;1034
-8824;-8123;-701
4816;6494;-1678
-4053;-1664;-2389
11886;6043;5843
5985;8804;-2819
6731;-2706;9437
-10354;-4825;-5529
5217;8774;-3557
-5058;-6579;1521
-9793;-3326;-6467
-111;8155;-8266
5788;9961;-4173
1653;-4043;5696
-4850;35;-4885
-4922;-8338;3416
328;3452;-3124
58;9683;-9625
-3417;2693;-6110
-2940;614;-3554
11287;9180;2107
5895;-1913;7808
7603;4396;3207
119;-6406;6525
-4140;2479;-6619
-8667;-2694;-5973
19879;9915;9964
-4040;1473;-5513
11866;3774;8092
8887;6415;2472
-7966;-4919;-3047
9734;7846;1888
-4610;-2668;-1942
5133;4051;1082
2850;-177;3027
11492;2013;9479
9348;9780;-432
11494;7525;3969
-9940;-9374;-566
-3886;-1792;-2094
-5843;-3592;-2251
-8685;-7804;-881
-1746;8229;-9975
10177;2733;7444
-10977;-7198;-3779
11826;8029;3797
1563;906;657
11176;6714;4462
2982;-1443;4425
13729;7843;5886
-1224;-9883;8659
-3113;2685;-5798
1102;8327;-7225
11795;9579;2216
-4397;-7573;3176
-15250;-6767;-8483
31;-6840;6871
-3612;-3962;350
468;-8120;8588
-2063;4778;-6841
149;4288;-4139
12844;4542;8302
-6339;-1176;-5163
-5153;-647;-4506
13256;4221;9035
11894;8915;2979
252;5872;-5620
-2036;-8532;6496
2537;9119;-6582
-1779;2645;-4424
7186;7017;169
-13051;-3618;-9433
18743;9396;9347
17254;7336;9918
4500;-3073;7573
-6491;-6239;-252
-8745;-4522;-4223
5480;3854;1626
5474;4233;1241
-671;7713;-8384
2054;-5800;7854
6229;30;6199
-12526;-6039;-6487
7408;5602;1806
1489;-7586;9075
14856;7398;7458
-4520;-2133;-2387
5956;1483;4473
10451;8644;1807
5521;5906;-385
2509;5130;-2621
-4717;-1391;-3326
7371;8182;-811
9672;5865;3807
-11463;-9846;-1617
10931;6723;4208
-5525;4223;-9748
5866;-991;6857
-437;-759;322
2218;-6113;8331
-7923;-7195;-728
15510;9748;5762
7932;-1927;9859
-3608;1962;-5570
12479;9626;2853
-2092;5616;-7708
14282;9164;5118
8428;-455;8883
17641;9896;7745
-8451;-9112;661
5023;4671;352
-10781;-4447;-6334
339;6280;-5941
4842;7456;-2614
9850;6212;3638
10411;1851;8560
1036;4446;-3410
4938;-3888;8826
-2170;-6243;4073
-427;2487;-2914
16874;9116;7758
-1085;5480;-6565
1649;7464;-5815
334;-2774;3108
2065;-810;2875
-3383;5558;-8941
-292;6486;-6778
4493;1653;2840
8757;9746;-989
-928;-2346;1418
-7673;-9564;1891
13499;4998;8501
3986;-5551;9537
2742;1962;780
-3577;1642;-5219
-9826;-3754;-6072
-8443;-3547;-4896
4506;4528;-22
17278;9199;8079
3538;3397;141
4722;348;4374
-19098;-9385;-9713
17263;9197;8066
-5377;535;-5912
-7251;-9732;2481
-12169;-3584;-8585
14964;8520;6444
-13132;-4097;-9035
2386;-744;3130
-4408;-6616;2208
-1065;8680;-9745
101;478;-377
7320;3160;4160
9468;3624;5844
11515;2349;9166
6282;5547;735
2449;9842;-7393
15622;7078;8544
7980;1516;6464
-10131;-2588;-7543
-15348;-7266;-8082
-3053;2434;-5487
-14;2909;-2923
16159;7929;8230
-1114;4893;-6007
897;2032;-1135
15126;9899;5227
6556;-2662;9218
-4566;-7504;2938
-13723;-6628;-7095
-18562;-9536;-9026
1924;5956;-4032
5857;6962;-1105
7937;4967;2970
2956;-5917;8873
4590;5010;-420
-11376;-9505;-1871
11365;4844;6521
14026;7159;6867
-13313;-8455;-4858
-5897;-3885;-2012
8364;-570;8934
-13276;-6716;-6560
-7262;-2503;-4759
5229;-582;5811
2622;4398;-1776
-15808;-7228;-8580
2980;599;2381
-2623;-1035;-1588
12371;9875;2496
-6750;-6057;-693
-1435;6574;-8009
-1825;2519;-4344
-7998;940;-8938
-1386;-7751;6365
12661;5059;7602
-6296;-7378;1082
-10861;-3635;-7226
-7555;-5291;-2264
4767;-3558;8325
-1088;7222;-8310
-4730;-2660;-2070
17361;9492;7869
-14750;-5454;-9296
1374;-1594;2968
3926;1139;2787
-2613;-3853;1240
-15524;-8608;-6916
5516;5401;115
-10387;-1377;-9010
-4087;259;-4346
3684;2253;1431
-899;-675;-224
10753;5551;5202
-11421;-4246;-7175
-15747;-9585;-6162
10151;1138;9013
-6173;475;-6648
12580;7027;5553
-4581;-1191;-3390
3513;-4322;7835
10765;8433;2332
-8506;-2543;-5963
3579;7729;-4150
-6031;1134;-7165
16608;9083;7525
-4852;2320;-7172
-12033;-3623;-8410
-10650;-7826;-2824
4454;2408;2046
5846;2603;3243
-19557;-9984;-9573
670;5066;-4396
-3781;3202;-6983
-9441;-9239;-202
-15042;-5982;-9060
-572;7246;-7818
2956;9044;-6088
4574;-528;5102
-1003;8771;-9774
3871;1458;2413
635;-1453;2088
-19;-3878;3859
8065;5971;2094
3895;2511;1384
197;8741;-8544
11258;5600;5658
2296;-3231;5527
2850;-2793;5643
-806;-3910;3104
-13040;-8580;-4460
-17970;-8838;-9132
10580;4957;5623
-6018;-2012;-4006
4268;-4002;8270
3659;-817;4476
954;7164;-6210
-7798;-8951;1153
-4365;-2141;-2224
4027;8370;-4343
-15749;-9660;-6089
5851;9146;-3295
-12064;-3014;-9050
-6701;488;-7189
-12451;-7113;-5338
2186;9753;-7567
2840;-2543;5383
-2609;-3607;998
-244;3543;-3787
-9261;-6992;-2269
-1318;-5332;4014
4532;9897;-5365
45;6186;-6141
-1;-9337;9336
-12985;-3920;-9065
190;128;62
-5285;2874;-8159
8349;3865;4484
-11498;-5389;-6109
213;-3487;3700
3890;-1495;5385
8836;1699;7137
-2173;-9910;7737
-134;-4624;4490
3432;8103;-4671
-6458;-2281;-4177
835;4215;-3380
-3380;-141;-3239
7145;343;6802
-7457;-6061;-1396
-1096;6667;-7763
6958;3321;3637
3025;-4321;7346
-10620;-1383;-9237
-17941;-8081;-9860
-162;6239;-6401
8204;6360;1844
5102;-2369;7471
8708;1952;6756
15113;6660;8453
10960;7867;3093
-2085;-7665;5580
-7663;-317;-7346
-4414;-4421;7
971;-203;1174
-1556;-775;-781
-4164;-4180;16
-542;-7471;6929
-4092;-4419;327
-3229;-316;-2913
5271;3765;1506
11528;3359;8169
5838;-3510;9348
8719;6908;1811
3913;846;3067
-14844;-7820;-7024
7451;7473;-22
-638;-794;156
-12201;-2972;-9229
8185;4934;3251
-8523;-6062;-2461
-1921;-2045;124
6693;7964;-1271
-3488;-2291;-1197
16827;9103;7724
3052;-2788;5840
2673;7840;-5167
6783;6207;576
-444;-5475;5031
-6464;610;-7074
14213;9168;5045
-17856;-8346;-9510
-8683;-8448;-235
-15481;-8144;-7337
-3402;-4736;1334
-5340;2910;-8250
4330;4239;91
675;-4030;4705
3014;-3850;6864
-14376;-8616;-5760
860;335;525
-6002;-64;-5938
-1239;7597;-8836
-245;-1709;1464
-5433;-3971;-1462
10126;8458;1668
1702;381;1321
-5637;621;-6258
7347;2729;4618
9642;3693;5949
16622;8625;7997
12944;6060;6884
1067;-780;1847
-10336;-3466;-6870
-6186;-2799;-3387
3676;8889;-5213
1094;-73;1167
-9579;-5215;-4364
-2662;-3525;863
2794;-3704;6498
-6099;-2374;-3725
10214;5123;5091
3422;-3740;7162
-4592;-713;-3879
-13043;-7189;-5854
1358;2015;-657
6965;8945;-1980
-5208;-1572;-3636
4903;9675;-4772
10174;2933;7241
-15191;-7868;-7323
-149;410;-559
820;-4114;4934
-11353;-9507;-1846
5933;-2323;8256
726;8096;-7370
-5537;-6358;821
-7487;-3874;-3613
1083;-89;1172
-9003;-205;-8798
15163;5307;9856
-370;4501;-4871
6613;9530;-2917
11177;8383;2794
395;1551;-1156
-7795;-6969;-826
-6356;3629;-9985
-2061;-7950;5889
1625;-4859;6484
-3424;3790;-7214
-7499;1175;-8674
6217;464;5753
48;8834;-8786
-769;7706;-8475
-9975;-8629;-1346
-9210;-4378;-4832
-2050;-377;-1673
7381;-1900;9281
2584;-6274;8858
-14316;-4816;-9500
-9488;-6045;-3443
-10138;-1441;-8697
-1923;5848;-7771
2097;6166;-4069
14401;7598;6803
2125;4366;-2241
4316;3065;1251
2298;9521;-7223
-3584;-9798;6214
-6609;-5251;-1358
1432;974;458
-3747;4297;-8044
515;7743;-7228
4683;2325;2358
6186;2273;3913
-7770;-183;-7587
3195;5127;-1932
-6520;-5202;-1318
1151;5809;-4658
-9528;-8228;-1300
-2454;933;-3387
1791;-7537;9328
2715;140;2575
-4577;-144;-4433
-2942;-3426;484
10131;9403;728
853;-4221;5074
14550;7561;6989
-905;-5671;4766
5588;-609;6197
1045;-2948;3993
1092;-8807;9899
12806;3209;9597
-13602;-6205;-7397
-7458;-64;-7394
7395;4223;3172
5095;9165;-4070
-1409;7651;-9060
393;-4686;5079
-8985;-6677;-2308
-2253;5256;-7509
2630;4401;-1771
3627;-1980;5607
-6637;-9186;2549
-3550;-7075;3525
1178;-4981;6159
-2318;-9315;6997
4310;4707;-397
13430;8768;4662
-6690;-9339;2649
-9007;-9960;953
-2820;-5148;2328
10578;1483;9095
-6133;-1327;-4806
-8624;-7244;-1380
18204;8324;9880
-11863;-7977;-3886
8922;3448;5474
3150;5784;-2634
-1903;-8628;6725
6161;1824;4337
-10586;-5418;-5168
6864;5127;1737
16088;6774;9314
6295;3888;2407
4060;2630;1430
5283;-239;5522
6867;-1043;7910
733;-4602;5335
576;7996;-7420
-12499;-9013;-3486
10065;9086;979
6782;-3151;9933
-8153;-9830;1677
4434;6524;-2090
-5065;-1429;-3636
-4164;2734;-6898
2243;268;1975
-5189;3890;-9079
12154;3798;8356
5054;-4052;9106
-5607;-749;-4858
-5249;-8988;3739
-16634;-8316;-8318
2246;-5888;8134
487;-7222;7709
-6190;-6334;144
-13058;-8148;-4910
2187;6997;-4810
2936;3218;-282
-5011;-1876;-3135
-380;8696;-9076
-9160;-4973;-4187
10995;8881;2114
6650;6154;496
7416;-598;8014
-7838;-2328;-5510
2012;-3599;5611
-6211;-4670;-1541
-13831;-8825;-5006
-18298;-9484;-8814
11675;8571;3104
2416;-2893;5309
-9679;-8318;-1361
-12615;-2774;-9841
421;-9205;9626
1009;1889;-880
-10773;-4760;-6013
-3933;-8081;4148
-2590;1302;-3892
-12006;-3115;-8891
11071;4452;6619
-8084;1174;-9258
5474;8280;-2806
-898;6300;-7198
-11421;-7656;-3765
6121;1699;4422
4118;3675;443
-17432;-9298;-8134
8435;4949;3486
1675;-6245;7920
10453;1036;9417
4284;-1373;5657
7529;4675;2854
2714;-4892;7606
-2996;5173;-8169
-16871;-9695;-7176
13206;3493;9713
-11942;-2973;-8969
-3317;-153;-3164
-433;-1543;1110
3522;4951;-1429
1795;8660;-6865
-2506;-1109;-1397
6922;876;6046
-5293;-9618;4325
6535;-2582;9117
5365;-653;6018
-576;-5575;4999
-723;-7585;6862
3429;2621;808
3809;8042;-4233
7549;1624;5925
5582;9;5573
3492;-84;3576
-692;-2444;1752
11721;9794;1927
13511;6035;7476
-11428;-5916;-5512
-3272;-5470;2198
-7803;-9177;1374
4028;3564;464
11058;2052;9006
4738;5042;-304
1337;6366;-5029
-3688;-2061;-1627
7594;5748;1846
-13710;-9188;-4522
1736;-4316;6052
10863;9429;1434
-18380;-9659;-8721
1982;7374;-5392
-9773;-8365;-1408
9472;1882;7590
400;-2957;3357
7888;4982;2906
11544;5676;5868
938;4861;-3923
-8062;-8026;-36
7135;9559;-2424
-5395;-9587;4192
3819;8439;-4620
-1991;-7426;5435
3201;1931;1270
10358;8901;1457
-7989;-4204;-3785
-6085;-2008;-4077
4633;5314;-681
-9068;-3455;-5613
-11414;-7694;-3720
9303;2466;6837
-8164;-4352;-3812
5843;-2134;7977
-933;-7684;6751
5818;-3960;9778
1357;-1502;2859
2065;1775;290
3685;-1202;4887
-5887;-7979;2092
-2992;-6251;3259
1696;5207;-3511
10162;7113;3049
12292;7727;4565
4003;9102;-5099
5043;8018;-2975
-5312;-9609;4297
4686;-2451;7137
6431;-614;7045
-14105;-6806;-7299
2515;3154;-639
-735;-809;74
-7729;-5617;-2112
-7750;-2961;-4789
6165;-186;6351
-15614;-6312;-9302
16087;9550;6537
3698;2785;913
-6412;-5683;-729
14943;5768;9175
-7052;-7858;806
15557;6486;9071
7137;8710;-1573
7633;1;7632
8586;7687;899
15430;9666;5764
1313;9012;-7699
3187;8112;-4925
3169;3348;-179
-907;4697;-5604
3239;-1305;4544
7859;7303;556
6274;1240;5034
-2188;1182;-3370
-772;6534;-7306
1777;5032;-3255
-5677;-838;-4839
7970;8815;-845
-14585;-7717;-6868
-2039;-2550;511
10047;4320;5727
-4186;4178;-8364
903;-935;1838
8292;2012;6280
-4603;-3347;-1256
-1011;782;-1793
-11743;-5575;-6168
-9435;-8791;-644
13229;5605;7624
3527;9163;-5636
-4084;-5021;937
-6159;-9369;3210
5227;-2171;7398
-13431;-7501;-5930
11826;9518;2308
3865;5542;-1677
-9758;-539;-9219
-12028;-8933;-3095
5451;3584;1867
6030;7800;-1770
-8210;108;-8318
-1199;-3537;2338
-7882;-1052;-6830
-3195;-47;-3148
-642;-1086;444
9172;8529;643
-2449;-8557;6108
8694;-36;8730
-6556;-9197;2641
-4060;-9946;5886
-4177;2783;-6960
6477;7533;-1056
2173;3937;-1764
13936;8416;5520
714;6712;-5998
-2312;-6669;4357
10684;6218;4466
-7101;-661;-6440
11480;9359;2121
-5162;-3037;-2125
978;-1859;2837
3343;6975;-3632
-7874;-9608;1734
811;1167;-356
6612;6221;391
-13763;-6260;-7503
-16981;-8524;-8457
10073;4148;5925
6789;-1801;8590
-11475;-3536;-7939
1523;6741;-5218
-10611;-4441;-6170
-5602;-1452;-4150
11945;4671;7274
9305;-500;9805
-10351;-2624;-7727
199;-1238;1437
5902;2049;3853
-3671;-9832;6161
6833;-2961;9794
313;-3145;3458
-1635;395;-2030
-14657;-6277;-8380
-5775;-6892;1117
11563;3800;7763
7398;3838;3560
8240;3523;4717
9908;2380;7528
-3758;1071;-4829
-17232;-7709;-9523
4555;1493;3062
2852;4588;-1736
4682;1403;3279
-11643;-3300;-8343
-1348;3083;-4431
-2689;-9923;7234
-7631;-6947;-684
6373;4474;1899
-8346;-8396;50
2981;5538;-2557
6613;4343;2270
1073;8876;-7803
12742;9778;2964
-15116;-9354;-5762
11648;3568;8080
-7694;-8658;964
12401;6456;5945
8870;1615;7255
-6720;-1361;-5359
-13336;-3424;-9912
-6575;950;-7525
-12461;-9008;-3453
-151;6116;-6267
10075;9612;463
-1719;3675;-5394
12248;9589;2659
-13275;-7805;-5470
-4270;-7029;2759
-2830;-9070;6240
-12986;-5473;-7513
-5918;1771;-7689
12104;6904;5200
-2378;-3163;785
3354;3319;35
-9248;-129;-9119
6168;-3182;9350
-3293;854;-4147
6807;-1772;8579
986;-4236;5222
3766;-2867;6633
-5019;-2448;-2571
6054;6056;-2
5112;3900;1212
4596;8777;-4181
188;7823;-7635
6400;1140;5260
2199;8968;-6769
-12477;-9317;-3160
-8645;-4618;-4027
6742;-2342;9084
-1471;-4139;2668
2334;5108;-2774
-5773;-6123;350
12524;3333;9191
11802;7746;4056
-4113;-8384;4271
5338;-1164;6502
-2337;1130;-3467
-10526;-9072;-1454
-728;3420;-4148
-3866;-7880;4014
-12958;-9411;-3547
5059;4431;628
117;-4319;4436
8603;3219;5384
-6123;-4956;-1167
8902;5822;3080
-7138;-5548;-1590
1141;5396;-4255
-2457;-6866;4409
-1265;-8805;7540
754;-2586;3340
-9242;-3578;-5664
3837;-4004;7841
-4210;-1507;-2703
272;1146;-874
-4654;4423;-9077
-13503;-6831;-6672
8551;7402;1149
-4903;4838;-9741
-4546;-3124;-1422
-1314;-5036;3722
2548;5545;-2997
-6149;-1522;-4627
-15551;-6223;-9328
5373;6693;-1320
-8018;-4001;-4017
-1024;-586;-438
2285;5150;-2865
-9477;-2592;-6885
-7393;-5712;-1681
8737;8308;429
-11169;-4079;-7090
3575;6561;-2986
-1154;-2469;1315
10042;225;9817
-12329;-7567;-4762
-13346;-4358;-8988
-13907;-9114;-4793
-10651;-1266;-9385
19317;9449;9868
3700;-2888;6588
-2924;6804;-9728
10451;2075;8376
3787;2306;1481
-8484;1326;-9810
4036;2636;1400
821;4408;-3587
-2405;-3344;939
-11052;-2529;-8523
-2952;-7342;4390
5187;7655;-2468
16562;7397;9165
3318;3556;-238
9232;-52;9284
-1477;-1981;504
-19005;-9930;-9075
11349;6901;4448
9648;6318;3330
-166;8456;-8622
2919;-5661;8580
-7336;-5779;-1557
-8055;-812;-7243
-2542;452;-2994
-13493;-9595;-3898
6790;4862;1928
-10453;-8514;-1939
-1469;7163;-8632
6743;9689;-2946
7079;7160;-81
-1736;-3985;2249
7661;9882;-2221
-9168;-3581;-5587
-4461;840;-5301
700;-3302;4002
4722;-713;5435
3377;3258;119
1;-822;823
5351;9852;-4501
1138;6718;-5580
-18811;-9057;-9754
-3642;-3139;-503
-6970;2835;-9805
-9014;-662;-8352
-4707;2324;-7031
-473;-775;302
-12775;-6375;-6400
-4183;5598;-9781
6172;8850;-2678
-8633;-8485;-148
-3416;5865;-9281
-12983;-7009;-5974
-2119;2425;-4544
7230;3952;3278
15914;9358;6556
-2304;-5952;3648
2387;-535;2922
5321;3013;2308
-9484;128;-9612
3726;-4600;8326
-5299;-3006;-2293
-3713;-6419;2706
2296;-1791;4087
-10020;-2255;-7765
-2878;-8787;5909
5622;5567;55
969;-4733;5702
1911;6321;-4410
-2773;-2534;-239
565;-5094;5659
-243;-5189;4946
10871;3768;7103
-14397;-8333;-6064
-8253;-4079;-4174
-3394;4562;-7956
15025;5229;9796
-2397;-10000;7603
-5799;2677;-8476
-8243;-8641;398
-4019;-393;-3626
69;-2047;2116
2813;1872;941
-17944;-8020;-9924
-9010;-5269;-3741
6461;4571;1890
4066;5298;-1232
10224;8515;1709
-10899;-8291;-2608
9010;3753;5257
-646;1110;-1756
1739;-919;2658
8401;-450;8851
3236;5003;-1767
10552;9158;1394
-13531;-4972;-8559
13436;6015;7421
-3744;-1731;-2013
6323;8201;-1878
1141;-3478;4619
-7774;-3979;-3795
-369;-7449;7080
-9833;-3153;-6680
5114;-4186;9300
6069;5647;422
735;-8052;8787
-2034;3805;-5839
2044;4658;-2614
-7423;-7305;-118
4075;-2513;6588
7808;-952;8760
2990;2500;490
-12319;-4889;-7430
-9101;-5582;-3519
14638;6478;8160
-11913;-6503;-5410
-10010;-1184;-8826
-15372;-6821;-8551
-6121;1139;-7260
15076;8602;6474
-3280;2393;-5673
-15274;-8808;-6466
8081;5289;2792
12330;5419;6911
2057;6789;-4732
2431;-3982;6413
-3242;1273;-4515
-464;-9821;9357
4900;4537;363
3592;7116;-3524
-9154;-3112;-6042
-1507;501;-2008
-7479;1528;-9007
4210;4245;-35
-14160;-4892;-9268
-16166;-7382;-8784
-3989;-5423;1434
8891;458;8433
-2961;-3422;461
-3175;3937;-7112
-8414;-5822;-2592
4391;-5518;9909
-9739;-7081;-2658
1046;6834;-5788
9676;8083;1593
-4010;-3742;-268
7131;2345;4786
12649;8001;4648
7735;9210;-1475
10354;7596;2758
-3818;-3192;-626
-12927;-3439;-9488
-5015;2746;-7761
-3796;4934;-8730
-1772;7566;-9338
-4850;2661;-7511
2981;9219;-6238
5553;-665;6218
2345;-3457;5802
14412;5989;8423
380;5140;-4760
5492;8426;-2934
229;-4482;4711
-7967;-1449;-6518
7480;2649;4831
3501;9280;-5779
-2607;3148;-5755
2322;5799;-3477
3009;8827;-5818
7117;8835;-1718
-8244;-3829;-4415
4409;-4094;8503
7914;-581;8495
8645;-1209;9854
9381;2273;7108
6855;5870;985
-11541;-7619;-3922
9540;785;8755
-11079;-9752;-1327
-15776;-7822;-7954
-8057;-2119;-5938
-5790;-7191;1401
-1040;-980;-60
12636;4660;7976
10284;6333;3951
859;-8580;9439
12236;6486;5750
-1607;-2123;516
-11618;-5498;-6120
4337;-374;4711
4021;7336;-3315
-16202;-8140;-8062
5283;1506;3777
6306;6283;23
-19;3355;-3374
4543;6964;-2421
-3654;-9184;5530
2214;-2011;4225
-8970;-9943;973
-701;5992;-6693
-13078;-6541;-6537
5279;7894;-2615
-2897;-6262;3365
11153;5014;6139
-8436;-188;-8248
-2087;4350;-6437
-12101;-2271;-9830
-5299;-16;-5283
