Y;X1;X2
-4162;4882;-9044
-16708;-7284;-9424
-8880;-6016;-2864
-3627;-1764;-1863
416;-9058;9474
4238;-1551;5789
-3275;-623;-2652
-950;7822;-8772
15731;6244;9487
-1894;-3080;1186
3559;2284;1275
11199;7549;3650
-2702;-8676;5974
9752;-156;9908
9854;479;9375
8463;-1335;9798
-3100;-8272;5172
11068;6445;4623
-8135;-9925;1790
5296;8416;-3120
4047;3661;386
-3076;-7643;4567
13484;4189;9295
-12156;-3471;-8685
18036;8807;9229
-14690;-9285;-5405
1613;-5915;7528
11490;1935;9555
15393;9323;6070
-4423;-8138;3715
-6983;-6652;-331
10468;2410;8058
-1501;-4551;3050
1629;5727;-4098
-2167;5627;-7794
11554;8525;3029
-1006;-1929;923
-182;-3406;3224
9999;3849;6150
3348;-2700;6048
7820;9945;-2125
6616;811;5805
-2181;-9372;7191
-9129;-7252;-1877
-10202;-6170;-4032
10790;6370;4420
-5775;-4109;-1666
8781;-818;9599
-4820;-4555;-265
-6678;1012;-7690
-1431;7163;-8594
13854;6946;6908
775;2235;-1460
-1608;5237;-6845
-3132;5083;-8215
-2355;-3107;752
8106;1879;6227
-3635;-3856;221
-11763;-4081;-7682
8026;4789;3237
-520;6296;-6816
7510;5680;1830
-12068;-2162;-9906
3269;8636;-5367
8997;6853;2144
14325;8745;5580
-4249;-8546;4297
13488;7137;6351
-6902;1247;-8149
4946;-4883;9829
-156;-730;574
219;-1111;1330
-12950;-5695;-7255
1763;-6047;7810
-2516;4243;-6759
-15312;-5330;-9982
-9418;-8067;-1351
-11610;-9340;-2270
6829;1057;5772
-12033;-4093;-7940
2235;6282;-4047
-2443;-7428;4985
-159;1710;-1869
8099;1165;6934
6878;9135;-2257
-2856;791;-3647
-17631;-9493;-8138
-4111;-4731;620
11350;1446;9904
5956;-3846;9802
5748;9250;-3502
17924;8542;9382
-4685;-821;-3864
-3542;-1977;-1565
6237;2792;3445
-9652;-5786;-3866
7503;707;6796
-1575;130;-1705
11107;7696;3411
4374;8605;-4231
9614;1971;7643
-8203;-8172;-31
-3099;-6468;3369
-8530;247;-8777
2344;-5879;8223
4567;846;3721
-4714;5261;-9975
10752;7962;2790
12345;5519;6826
-7003;900;-7903
15935;9522;6413
-11316;-7707;-3609
3378;946;2432
16916;9036;7880
12734;3000;9734
-6229;-5172;-1057
902;-5899;6801
-137;-4567;4430
-2310;-8639;6329
-2215;-8523;6308
-207;-6491;6284
-10246;-2130;-8116
-3848;-9782;5934
-18157;-9302;-8855
10768;8617;2151
-10473;-5246;-5227
-3019;2126;-5145
-4078;-3396;-682
-8913;-8187;-726
-7285;2480;-9765
9220;4437;4783
8752;-998;9750
3967;6810;-2843
4161;764;3397
-19184;-9343;-9841
11758;6515;5243
-18797;-9284;-9513
7988;8333;-345
-5080;-260;-4820
-18017;-8017;-10000
4997;7914;-2917
6610;333;6277
-17042;-9846;-7196
-4514;-7783;3269
-17570;-9284;-8286
-9980;-9706;-274
-16657;-7671;-8986
6768;5227;1541
-12021;-4401;-7620
1161;7882;-6721
7274;381;6893
-15110;-8397;-6713
7075;-1305;8380
11326;3884;7442
-4334;1829;-6163
-14738;-8310;-6428
3445;4473;-1028
-3902;-1818;-2084
960;2556;-1596
-17940;-9395;-8545
11830;6144;5686
-3111;-5065;1954
11726;2055;9671
-10289;-3192;-7097
2827;4012;-1185
-14723;-8670;-6053
-12913;-3057;-9856
11485;2129;9356
5635;5412;223
7295;1908;5387
-8304;-9937;1633
-5314;-191;-5123
7479;-272;7751
2446;6650;-4204
-5175;-47;-5128
-10088;-5282;-4806
5277;5492;-215
1242;6632;-5390
-2957;-1393;-1564
-1735;-8209;6474
-488;-8410;7922
1375;-1442;2817
2277;9223;-6946
463;-889;1352
4441;5592;-1151
-8080;-315;-7765
7674;8244;-570
-5453;-8286;2833
-5346;-241;-5105
12371;8603;3768
17479;8574;8905
-1894;-4587;2693
-4140;-8743;4603
-4547;-7561;3014
-1823;4698;-6521
-2236;-7700;5464
6565;5954;611
-8881;-4152;-4729
-3339;-5748;2409
-18819;-9821;-8998
8537;8701;-164
11907;4045;7862
5934;4129;1805
-15481;-6306;-9175
2873;4280;-1407
-4535;-6180;1645
-12555;-4892;-7663
-6541;1678;-8219
4187;9112;-4925
-7569;-3843;-3726
-12760;-6529;-6231
-3914;1866;-5780
-2396;3136;-5532
-4007;-4893;886
6197;-2415;8612
-3321;2795;-6116
17454;8658;8796
-4237;-1034;-3203
-13869;-4126;-9743
4738;7324;-2586
13752;4775;8977
-6518;808;-7326
-5489;2511;-8000
419;-385;804
-2012;7470;-9482
-15307;-5936;-9371
-3699;6039;-9738
9004;5401;3603
9307;7692;1615
-8528;-9609;1081
14878;7948;6930
854;9122;-8268
10623;4408;6215
6788;2915;3873
-18385;-8826;-9559
876;679;197
3798;-5942;9740
-6492;-6673;181
16607;8448;8159
-4985;4086;-9071
-6783;-3631;-3152
10302;1375;8927
-4214;-119;-4095
3422;1172;2250
-1394;6032;-7426
740;-8642;9382
5490;-78;5568
7057;1611;5446
-11719;-9270;-2449
3512;9904;-6392
-2242;5941;-8183
-3970;1422;-5392
-6763;568;-7331
-8932;-2962;-5970
-15069;-5579;-9490
-1016;2437;-3453
-2730;5492;-8222
-3924;3667;-7591
-11038;-1108;-9930
11625;2310;9315
-16831;-8540;-8291
7206;-687;7893
-3564;-9058;5494
3695;8885;-5190
3957;-3844;7801
-11187;-8863;-2324
8162;-1670;9832
14927;7678;7249
-870;5916;-6786
4788;2421;2367
12738;6889;5849
2368;4036;-1668
-15113;-8581;-6532
5702;2706;2996
-2035;-5857;3822
-4737;-5799;1062
-645;-6506;5861
-4240;4385;-8625
12105;7867;4238
-3221;-7406;4185
8352;1146;7206
5424;553;4871
2154;2895;-741
9143;2019;7124
6824;5731;1093
8074;8481;-407
15131;9676;5455
8716;6852;1864
-935;1008;-1943
-15336;-9200;-6136
1981;9058;-7077
-1708;309;-2017
2157;9989;-7832
-5339;-9752;4413
5732;2883;2849
7006;6233;773
2055;4543;-2488
3439;9195;-5756
-3773;-2291;-1482
-4804;2846;-7650
-6346;-4148;-2198
1846;-7501;9347
-5284;1272;-6556
-5188;-9061;3873
-1666;-6524;4858
-7717;-9606;1889
-3442;2643;-6085
58;3017;-2959
3972;6525;-2553
-3461;-7183;3722
-7361;-5654;-1707
2943;6254;-3311
3440;5832;-2392
11958;7770;4188
-6931;-7255;324
10437;5983;4454
-8638;-5205;-3433
5574;8931;-3357
3107;-355;3462
-4229;-3363;-866
12696;6873;5823
-2171;-1700;-471
-5834;-857;-4977
8714;-1039;9753
-3970;2814;-6784
4507;2049;2458
-1860;-8200;6340
-267;1500;-1767
5114;9265;-4151
10423;5368;5055
-18257;-8483;-9774
-5927;-1525;-4402
9886;9807;79
-9336;-4504;-4832
-5701;-9086;3385
-10043;-151;-9892
17343;7390;9953
6278;840;5438
-7298;-6797;-501
-9291;-7034;-2257
-10230;-1808;-8422
-5755;-6336;581
5722;1783;3939
17790;8449;9341
8321;3780;4541
3405;-1832;5237
9168;9803;-635
-9340;-2150;-7190
14779;8091;6688
-12747;-7199;-5548
16054;6476;9578
9914;3983;5931
10803;2500;8303
-5791;-2710;-3081
-3108;-6274;3166
-15014;-7268;-7746
1908;1241;667
8265;7626;639
4790;4382;408
-18777;-9319;-9458
1223;3401;-2178
90;538;-448
3411;7146;-3735
-8900;-9424;524
-5096;3535;-8631
-6969;1784;-8753
-12677;-9086;-3591
4069;-5756;9825
127;-1380;1507
10105;9979;126
-5891;2034;-7925
2304;-4903;7207
8783;5025;3758
11211;2784;8427
462;-7500;7962
-4468;1971;-6439
-5834;-6712;878
8788;1357;7431
1847;8988;-7141
1132;6623;-5491
-6375;-2954;-3421
-7069;941;-8010
2865;-2567;5432
11972;5395;6577
-10600;-6524;-4076
-2424;5936;-8360
2324;732;1592
-4563;4790;-9353
1096;9158;-8062
-11502;-4917;-6585
8528;9952;-1424
7783;2637;5146
10276;7752;2524
12324;6117;6207
13301;8230;5071
7831;-49;7880
-76;9549;-9625
-3187;-9161;5974
5102;5625;-523
-7311;-969;-6342
3278;8009;-4731
-2122;-6407;4285
-5497;4193;-9690
2446;3883;-1437
9637;2010;7627
-12788;-8511;-4277
-14418;-9950;-4468
2337;-105;2442
-939;8413;-9352
11011;3005;8006
-5054;-3280;-1774
2834;3150;-316
-323;-1148;825
-4789;1115;-5904
16333;8070;8263
-5306;-779;-4527
-7912;-7151;-761
-18152;-8926;-9226
6751;8226;-1475
1883;-7113;8996
11769;3160;8609
-1051;-3497;2446
-9222;-8151;-1071
10115;9232;883
1796;933;863
3690;4265;-575
10091;9150;941
-6826;-5149;-1677
329;6880;-6551
17535;9285;8250
-2151;-709;-1442
12688;8929;3759
-1159;321;-1480
11076;6061;5015
-1190;-8546;7356
-2421;5408;-7829
3637;-463;4100
-10084;-8402;-1682
-2277;-6890;4613
-1671;-9035;7364
-1054;5164;-6218
696;-6437;7133
-752;4684;-5436
10292;454;9838
-11012;-8540;-2472
-5157;1022;-6179
-9935;-4174;-5761
-15413;-6707;-8706
2439;1831;608
239;9368;-9129
-9157;-1637;-7520
3444;-1101;4545
9690;613;9077
-2844;-8164;5320
15547;7848;7699
16839;7416;9423
1495;-7906;9401
5357;-870;6227
261;-4791;5052
-2477;-174;-2303
-2411;-4660;2249
-17645;-8434;-9211
17852;9317;8535
-17005;-7383;-9622
-4054;1459;-5513
-12484;-3510;-8974
12976;3911;9065
983;-8238;9221
1978;5134;-3156
10147;5742;4405
4766;2305;2461
2052;9495;-7443
6888;-2125;9013
247;8955;-8708
-1630;7743;-9373
-1570;-9330;7760
14289;8868;5421
-13698;-7296;-6402
1170;-645;1815
19188;9734;9454
-12183;-2485;-9698
17361;9932;7429
-1071;3784;-4855
-14794;-7271;-7523
-4053;-8282;4229
-1193;5180;-6373
8693;432;8261
-6820;-5861;-959
11815;7091;4724
5160;5949;-789
578;930;-352
7923;2608;5315
9674;5540;4134
6314;-2639;8953
-8274;-6143;-2131
4968;-1782;6750
3391;2954;437
-1217;-5382;4165
7075;5422;1653
-14282;-6888;-7394
3442;-4360;7802
8010;3411;4599
7369;27;7342
-6618;-6247;-371
-1162;7317;-8479
-2080;5617;-7697
-2780;4492;-7272
14549;7669;6880
-3589;6084;-9673
4285;1479;2806
-3603;-9538;5935
13266;6508;6758
-5382;1265;-6647
-1146;5709;-6855
-1935;2023;-3958
546;2650;-2104
12243;9084;3159
7769;-1270;9039
-3125;3556;-6681
11264;2527;8737
2930;5389;-2459
8218;-708;8926
13361;7667;5694
-7323;-3279;-4044
2229;-5647;7876
14056;7910;6146
3443;8073;-4630
-11992;-6461;-5531
9592;867;8725
-3169;-2777;-392
3400;6354;-2954
2434;-6315;8749
-9581;-9847;266
-10486;-6337;-4149
1224;39;1185
8998;2059;6939
3131;6528;-3397
-7169;-3275;-3894
4275;9222;-4947
2247;2473;-226
-11373;-1634;-9739
3594;-5013;8607
-1858;3101;-4959
-4273;3490;-7763
11979;7017;4962
-2745;-7372;4627
11063;7675;3388
8662;6745;1917
8717;5973;2744
-11952;-9175;-2777
-9322;-3668;-5654
1227;-7426;8653
6172;-2201;8373
8499;1806;6693
-77;-5308;5231
-325;8193;-8518
-944;-8653;7709
4243;5205;-962
1884;4638;-2754
10108;4951;5157
-1432;-8966;7534
-18037;-9514;-8523
10078;1179;8899
2340;106;2234
8934;-600;9534
-16501;-9105;-7396
17755;8119;9636
-12239;-9051;-3188
10659;1316;9343
-8882;1117;-9999
9332;1238;8094
-2776;-9311;6535
4539;-2763;7302
-4735;-8335;3600
-8969;-9074;105
-5016;3036;-8052
-4227;430;-4657
-2724;4367;-7091
6891;7097;-206
9221;4789;4432
3311;7698;-4387
6449;5785;664
-6910;-3448;-3462
-5336;-1017;-4319
11625;8660;2965
9582;7339;2243
13958;6702;7256
6416;3528;2888
13084;3451;9633
-8748;-6233;-2515
7682;8624;-942
-1802;7067;-8869
-7810;-4556;-3254
16194;9854;6340
2413;-2754;5167
11374;9651;1723
-7704;-1028;-6676
-5142;102;-5244
-939;-6571;5632
11019;8162;2857
-11220;-7470;-3750
7779;-66;7845
3239;-5997;9236
6137;-670;6807
186;8080;-7894
-14427;-9166;-5261
-15655;-7489;-8166
11222;2472;8750
5965;419;5546
3205;-5378;8583
11424;1498;9926
-5571;-6493;922
1627;1211;416
-11601;-7861;-3740
-392;479;-871
-4046;-2041;-2005
3328;1275;2053
1834;-47;1881
444;-6401;6845
-4859;-6506;1647
-1916;681;-2597
-1465;7971;-9436
-243;-3287;3044
4273;-3970;8243
9895;4686;5209
-12332;-3808;-8524
-214;-5811;5597
-4757;3469;-8226
-3604;-1918;-1686
4965;4926;39
12505;2809;9696
-843;-8074;7231
5074;9409;-4335
-10127;-1911;-8216
9086;565;8521
13233;4173;9060
6882;1085;5797
-13125;-7227;-5898
-1322;-9809;8487
5507;-3045;8552
6172;164;6008
7999;5354;2645
-4320;-7214;2894
-10858;-8487;-2371
-13514;-9349;-4165
-15102;-7924;-7178
-11758;-4678;-7080
-5396;-9947;4551
1588;6317;-4729
5583;815;4768
14225;6661;7564
10911;4360;6551
7342;2337;5005
-1169;1066;-2235
-11310;-3544;-7766
-4182;-334;-3848
-9547;-3225;-6322
8935;8856;79
182;127;55
7789;6851;938
-17846;-9804;-8042
-14135;-6053;-8082
-170;655;-825
982;1667;-685
12333;6803;5530
3047;-2944;5991
1063;8266;-7203
1727;-2741;4468
-4881;3290;-8171
-2442;-7544;5102
1773;3155;-1382
-1479;6258;-7737
4600;4313;287
-12647;-4469;-8178
407;7259;-6852
9161;6287;2874
3101;1928;1173
979;4138;-3159
-7904;1724;-9628
-9526;-819;-8707
-3630;1793;-5423
13871;4875;8996
-7613;1382;-8995
3310;8220;-4910
-8608;-3086;-5522
-17607;-7931;-9676
-9017;732;-9749
-367;8945;-9312
14720;9732;4988
6567;6403;164
4814;622;4192
3262;9118;-5856
-1425;-5523;4098
9075;5778;3297
-12575;-9780;-2795
-3987;-411;-3576
6773;-1809;8582
2982;1858;1124
-7353;-2059;-5294
-6590;2761;-9351
7257;-811;8068
8066;9322;-1256
494;-8356;8850
2179;-7346;9525
-17859;-8443;-9416
10324;2390;7934
8325;4673;3652
3655;1919;1736
-8810;-1438;-7372
-16110;-7088;-9022
1905;-7818;9723
8658;1477;7181
-46;-4913;4867
9108;9019;89
2846;9749;-6903
-49;-1880;1831
9508;5839;3669
-11578;-7518;-4060
9743;4145;5598
11817;2061;9756
11814;8392;3422
1000;-8642;9642
-13455;-9148;-4307
8133;6655;1478
4209;-3365;7574
-1081;-1691;610
-6551;-8036;1485
-9187;-1625;-7562
-11885;-3065;-8820
10429;4799;5630
-757;875;-1632
-1274;7558;-8832
-3619;-2664;-955
19258;9368;9890
-3282;-5502;2220
-550;-7880;7330
2661;8852;-6191
-11723;-3604;-8119
-19481;-9728;-9753
1075;4153;-3078
1639;-208;1847
-5722;-8887;3165
-4065;-579;-3486
-3240;-7285;4045
6351;1878;4473
-9732;-6520;-3212
-10810;-9114;-1696
-7466;-5623;-1843
9742;8785;957
-1494;-5666;4172
-168;-8926;8758
1431;-4202;5633
12786;8799;3987
14049;5062;8987
8576;7165;1411
1372;-5058;6430
8886;733;8153
-7230;-1131;-6099
-13632;-5939;-7693
-13274;-6879;-6395
4638;8478;-3840
1477;4882;-3405
-11956;-2144;-9812
-5452;-81;-5371
-11259;-2754;-8505
8953;8382;571
-5944;754;-6698
-8021;-2804;-5217
10023;7967;2056
3050;-6025;9075
-4693;3910;-8603
-4489;2796;-7285
3058;-6765;9823
4426;6140;-1714
16083;7416;8667
-3110;-990;-2120
-9473;-3313;-6160
2611;-3126;5737
-1658;-5717;4059
-3623;-6017;2394
-9040;-3678;-5362
-5078;687;-5765
-8275;-7640;-635
-13060;-7054;-6006
-1759;-133;-1626
-437;-8005;7568
-5637;-7014;1377
13972;9134;4838
2918;8534;-5616
1806;-2196;4002
-6494;1071;-7565
-8449;574;-9023
-10232;-1524;-8708
6123;6624;-501
-10360;-1532;-8828
-5770;-7533;1763
-2374;1634;-4008
-14719;-5179;-9540
9752;5717;4035
-1808;-9001;7193
3684;-730;4414
-4036;4677;-8713
9187;6826;2361
-8799;-9466;667
-4198;-8314;4116
401;7057;-6656
-9386;-4307;-5079
15232;5674;9558
9825;3796;6029
9764;6869;2895
-2929;-5094;2165
866;7271;-6405
13049;6431;6618
4892;4403;489
1090;4441;-3351
11148;5264;5884
9357;5438;3919
14081;4953;9128
10208;4895;5313
9394;57;9337
-1923;4364;-6287
-4268;-5024;756
13069;5163;7906
-6015;-5469;-546
13111;6926;6185
3079;-7;3086
-13817;-7104;-6713
7012;104;6908
-10497;-6763;-3734
-6696;47;-6743
-4937;-4609;-328
13838;6072;7766
5645;-3593;9238
1312;-7303;8615
7729;9673;-1944
14509;8695;5814
3179;-5352;8531
-7673;-1305;-6368
11790;2595;9195
-17006;-8638;-8368
6319;692;5627
9700;3644;6056
-6183;2675;-8858
-12385;-6060;-6325
6905;5751;1154
-4653;4078;-8731
3545;-5632;9177
-1772;488;-2260
14313;8231;6082
1068;-6512;7580
-281;2879;-3160
-8208;-9069;861
-12499;-6319;-6180
-3455;-9341;5886
3382;-4905;8287
1405;3406;-2001
8309;6892;1417
-5368;-161;-5207
1516;-6445;7961
2951;2794;157
11716;7798;3918
5619;-1961;7580
881;-3160;4041
13289;8784;4505
-35;-7258;7223
-7355;-6973;-382
-3551;-709;-2842
-5312;-8619;3307
3798;727;3071
-1653;-703;-950
14745;9033;5712
4253;6454;-2201
8711;8610;101
-12994;-6067;-6927
7539;2191;5348
4088;2343;1745
4991;9520;-4529
-6601;-8025;1424
-4784;-4216;-568
3222;-3495;6717
7081;6503;578
838;8401;-7563
1780;-3594;5374
3574;-4532;8106
3613;7015;-3402
1896;9486;-7590
-1538;5195;-6733
-11054;-7826;-3228
-6583;-9646;3063
-7147;-5811;-1336
-11942;-9510;-2432
-7745;-1109;-6636
-7685;-9798;2113
-3698;3144;-6842
-10170;-8474;-1696
-12416;-6600;-5816
5770;3573;2197
-6937;-474;-6463
-13230;-4870;-8360
4192;4227;-35
-1766;7377;-9143
738;-5234;5972
2389;7570;-5181
-1233;-4870;3637
-17465;-9886;-7579
-10440;-5196;-5244
-1730;-3149;1419
724;-8165;8889
4531;1686;2845
-7256;2361;-9617
-2109;3670;-5779
720;1389;-669
7853;9483;-1630
-9013;-6086;-2927
-1339;-2646;1307
2694;7231;-4537
-5540;-1805;-3735
2433;2444;-11
-206;2231;-2437
-6343;-423;-5920
6583;3455;3128
659;7123;-6464
1676;6854;-5178
-9368;-8356;-1012
-5901;-2728;-3173
-8935;-4856;-4079
5472;4093;1379
6847;-1675;8522
-5741;-5702;-39
-6318;328;-6646
19059;9158;9901
1151;-7928;9079
9908;6710;3198
4846;7695;-2849
19784;9971;9813
-4810;-1030;-3780
6748;3771;2977
-6284;499;-6783
14761;6335;8426
-2738;1376;-4114
11691;2324;9367
12440;5910;6530
4119;3545;574
8949;7667;1282
-8803;-3787;-5016
2618;3571;-953
-2703;3911;-6614
-6029;-4668;-1361
-13528;-7011;-6517
-6968;2643;-9611
3940;2406;1534
-17194;-9982;-7212
-8344;-7870;-474
-1011;-3078;2067
10707;5774;4933
-8848;-8935;87
6217;4439;1778
4056;8315;-4259
-3125;-6335;3210
-1277;-568;-709
-1269;8031;-9300
13035;6068;6967
-287;6675;-6962
-8401;-7275;-1126
-5954;1022;-6976
7788;1983;5805
-7463;-5415;-2048
3419;-2855;6274
7937;9534;-1597
-13523;-4825;-8698
4282;1083;3199
10791;3997;6794
-3326;-8086;4760
7596;9570;-1974
-371;2413;-2784
-7275;-4161;-3114
11198;6019;5179
-1633;2220;-3853
-1372;7959;-9331
11432;2151;9281
-13091;-3885;-9206
-6814;-9910;3096
-4570;3564;-8134
-2627;3180;-5807
-1531;-2879;1348
-3044;-3176;132
6531;-1875;8406
-6482;-2322;-4160
1987;6614;-4627
-8392;-2014;-6378
-2386;-4410;2024
12185;3703;8482
-7078;-5013;-2065
-8680;-4458;-4222
2128;5732;-3604
-5934;-4223;-1711
800;-7814;8614
-3773;1153;-4926
6890;-2774;9664
1198;7039;-5841
-7736;-2851;-4885
-12079;-6647;-5432
1096;7774;-6678
-9255;-926;-8329
6682;865;5817
7250;8169;-919
2077;71;2006
4252;-1266;5518
-14955;-9977;-4978
-1451;-9929;8478
1943;7273;-5330
6371;1095;5276
8654;4319;4335
-7541;-5200;-2341
13395;8114;5281
-2418;-6925;4507
10715;9321;1394
-12189;-8216;-3973
-4039;4659;-8698
425;6289;-5864
-1574;-6896;5322
-1580;888;-2468
386;-3772;4158
-6362;-3403;-2959
10979;2674;8305
-12744;-4655;-8089
-3217;-4276;1059
6629;1197;5432
6636;-240;6876
7898;7951;-53
-6245;-3772;-2473
-23;5449;-5472
8057;4560;3497
-13765;-8419;-5346
-6975;-7348;373
7102;508;6594
5435;-2997;8432
742;5738;-4996
-329;-845;516
2730;8931;-6201
12375;8395;3980
-6055;-9196;3141
-2541;-7175;4634
-7896;-9645;1749
-4983;-6669;1686
926;1551;-625
1572;-359;1931
-13413;-6258;-7155
4826;6402;-1576
792;-4285;5077
-736;-1624;888
-635;5206;-5841
560;-5149;5709
707;-5198;5905
384;-6475;6859
-11008;-7521;-3487
2020;8880;-6860
-2421;-6346;3925
-340;2894;-3234
15445;6917;8528
-19;-5702;5683
5981;-876;6857
-4757;1388;-6145
8052;-1563;9615
-4159;5370;-9529
12480;5148;7332
14047;8304;5743
12446;3322;9124
15095;6610;8485
13167;7037;6130
-3952;-9328;5376
9627;8661;966
-10689;-9270;-1419
-17514;-8124;-9390
6995;4016;2979
-16404;-9240;-7164
5594;6016;-422
-2990;648;-3638
-443;-5224;4781
-3043;-3717;674
1229;-115;1344
2705;-151;2856
-10638;-6490;-4148
-13960;-6076;-7884
-9271;-5414;-3857
-12659;-4900;-7759
10161;9281;880
-104;-6584;6480
868;-6148;7016
2446;4461;-2015
-1449;-1197;-252
843;6211;-5368
-24;7914;-7938
-4389;1117;-5506
12871;4888;7983
10672;4945;5727
-8402;-2694;-5708
19779;9805;9974
10789;3344;7445
12635;5627;7008
-11588;-1762;-9826
-8036;-5309;-2727
4399;6432;-2033
5846;8648;-2802
1164;7252;-6088
954;-6682;7636
-17539;-8936;-8603
-8209;378;-8587
3082;1890;1192
-3355;-4561;1206
11551;9600;1951
8874;176;8698
-10174;-3043;-7131
10675;6423;4252
1909;4124;-2215
4084;4639;-555
1395;-8077;9472
-2255;-9298;7043
-2980;2383;-5363
-7268;-5051;-2217
-14171;-9799;-4372
10415;3347;7068
5329;-2464;7793
2398;-5635;8033
5247;9425;-4178
6742;-1524;8266
-926;-6219;5293
-256;-5860;5604
-10383;-6135;-4248
4452;-3551;8003
5875;664;5211
692;669;23
12160;6112;6048
-11635;-4835;-6800
-2299;1958;-4257
1640;8695;-7055
-4549;4995;-9544
362;4931;-4569
-5628;-7823;2195
7370;-1961;9331
-8149;-2432;-5717
4694;226;4468
-940;7228;-8168
6644;-1015;7659
-4741;-4948;207
2360;-6701;9061
-574;-569;-5
-1966;-9190;7224
5461;2494;2967
16160;9063;7097
880;4384;-3504
3495;-2987;6482
-1509;-3781;2272
-10961;-6185;-4776
5190;-2355;7545
-2869;-6950;4081
9155;4182;4973
-13851;-5678;-8173
-6019;-5532;-487
-4163;-7974;3811
-7588;326;-7914
-4565;1909;-6474
1041;3759;-2718
4190;-2327;6517
-554;-5785;5231
10335;8891;1444
13555;4265;9290
-4616;-6366;1750
2185;-3996;6181
-5859;2782;-8641
-9502;-3733;-5769
-386;-3761;3375
-16615;-8071;-8544
-4231;-5201;970
612;-7993;8605
-886;3405;-4291
1318;2813;-1495
16416;7131;9285
-5124;3380;-8504
-5;2773;-2778
9863;376;9487
-905;-5580;4675
970;9580;-8610
-8018;-914;-7104
14535;5384;9151
-2324;-9996;7672
7178;8690;-1512
-5862;931;-6793
-10758;-6060;-4698
3908;-5977;9885
9076;2727;6349
5471;7151;-1680
-3836;-9791;5955
-7669;2146;-9815
877;-288;1165
-7118;-6626;-492
4328;3566;762
-10817;-4873;-5944
-8636;-4498;-4138
-3420;5819;-9239
-12570;-8405;-4165
6335;3003;3332
10203;6093;4110
-6296;-5071;-1225
-15434;-7734;-7700
-3653;5884;-9537
8715;7653;1062
-533;2030;-2563
10656;6758;3898
1093;-3797;4890
-2869;-1747;-1122
1973;-1639;3612
-15501;-8393;-7108
1426;6794;-5368
1380;2971;-1591
6004;4125;1879
1508;4093;-2585
6332;-1187;7519
14842;6002;8840
13801;6130;7671
16789;6879;9910
982;2409;-1427
12978;6479;6499
2856;-2980;5836
7475;9282;-1807
-3258;4609;-7867
-788;-6656;5868
-6591;-4156;-2435
5536;-1784;7320
-1458;5411;-6869
-5111;-7031;1920
11714;1955;9759
9807;5498;4309
5440;-3627;9067
-4339;-3493;-846
-11349;-7568;-3781
1150;-1488;2638
14585;7555;7030
1913;6133;-4220
7405;4946;2459
10464;792;9672
4156;-1302;5458
3421;1411;2010
-899;-8728;7829
8927;4812;4115
-6295;-9065;2770
-523;555;-1078
1841;3490;-1649
-1755;-4520;2765
10646;1199;9447
687;-7592;8279
9928;5735;4193
-3482;-408;-3074
-2643;3398;-6041
7168;6716;452
10814;9527;1287
-14620;-6649;-7971
1267;-422;1689
-5781;3782;-9563
4197;8383;-4186
1191;-461;1652
-220;3578;-3798
964;-3103;4067
12506;7990;4516
11447;4544;6903
7534;3607;3927
-13921;-8586;-5335
-8263;-2127;-6136
-7075;-7108;33
12502;8687;3815
-4679;-5558;879
1736;-575;2311
-16193;-7227;-8966
-4750;-5467;717
-8578;-4040;-4538
745;3354;-2609
12908;3543;9365
-11242;-2745;-8497
-14714;-5314;-9400
-12603;-4442;-8161
-710;6097;-6807
9235;9130;105
8190;-1407;9597
-25;8947;-8972
-4031;-9090;5059
-6736;501;-7237
-13980;-9210;-4770
4976;166;4810
-2150;-3175;1025
4952;-936;5888
7671;8488;-817
-6381;-8507;2126
9306;8562;744
15746;7666;8080
9153;5463;3690
-3277;-69;-3208
-1414;-9306;7892
-4845;4385;-9230
-12389;-7835;-4554
9723;2128;7595
-3133;5182;-8315
31;1128;-1097
-8190;-3144;-5046
-1396;-6065;4669
-4997;-9911;4914
-8301;411;-8712
4260;3890;370
9993;8190;1803
-10611;-4576;-6035
5028;7241;-2213
783;-7761;8544
10804;4741;6063
-793;3160;-3953
-11048;-2220;-8828
2798;6018;-3220
6388;2534;3854
-4892;-8201;3309
-2559;-4315;1756
14019;7651;6368
-991;-7096;6105
-6705;-8015;1310
4291;429;3862
-383;-5287;4904
2898;3606;-708
10438;2401;8037
5668;6503;-835
-8058;-3299;-4759
5576;-3856;9432
3279;-1103;4382
3625;2901;724
9910;8105;1805
12772;6553;6219
7122;4062;3060
6870;7015;-145
-9970;-1452;-8518
-119;-7884;7765
-1495;-6927;5432
8765;9654;-889
4199;-960;5159
7430;7883;-453
-7630;-6601;-1029
10049;5036;5013
12001;5174;6827
-9642;-3041;-6601
10287;1306;8981
-4062;-6446;2384
3266;-4151;7417
9500;9253;247
-7779;-952;-6827
8434;523;7911
-100;-2445;2345
-7557;-6271;-1286
8303;546;7757
-14204;-4862;-9342
18289;8695;9594
10223;4322;5901
5051;5538;-487
14441;9568;4873
-4061;4501;-8562
7451;-1300;8751
-15240;-9154;-6086
7425;1803;5622
8863;6223;2640
3807;3104;703
-8030;-3365;-4665
-11929;-8983;-2946
-12527;-6600;-5927
-5081;626;-5707
-8355;-9757;1402
-7219;-375;-6844
14546;8137;6409
4517;-4302;8819
-5730;-7112;1382
-2101;1276;-3377
-12637;-4848;-7789
-3029;-6599;3570
-5428;2547;-7975
6584;2200;4384
-3751;481;-4232
11419;6902;4517
5241;8520;-3279
19233;9980;9253
-6262;2377;-8639
18596;9557;9039
4520;-2670;7190
16992;9737;7255
-4435;-1735;-2700
12504;8953;3551
466;-5587;6053
278;-5659;5937
-3724;-3344;-380
-6945;-4321;-2624
3645;8768;-5123
-12950;-8984;-3966
-3493;1670;-5163
761;-6543;7304
-16671;-8180;-8491
-3505;-9054;5549
-7918;-1351;-6567
-13751;-7022;-6729
11029;5096;5933
2312;-6361;8673
5797;7968;-2171
5982;2830;3152
12092;2182;9910
-1943;7136;-9079
-14800;-8942;-5858
3243;9098;-5855
6044;2291;3753
8997;914;8083
6663;124;6539
-5467;425;-5892
4342;-1220;5562
-6779;-2102;-4677
2495;2061;434
15245;8474;6771
4553;-1269;5822
15809;9901;5908
4298;-2893;7191
-9360;-4987;-4373
-1666;-907;-759
6605;6527;78
-8900;-6027;-2873
5387;3899;1488
-7512;-8049;537
-6101;2386;-8487
2612;-6727;9339
4634;-1532;6166
-17235;-9526;-7709
16822;7066;9756
-2745;4212;-6957
-1677;-1275;-402
7554;984;6570
8184;-445;8629
-8125;-2965;-5160
11705;1723;9982
1065;240;825
-6722;1679;-8401
1893;-5018;6911
-11676;-2740;-8936
14677;7005;7672
-11855;-9463;-2392
1072;-5295;6367
-3939;2932;-6871
5381;655;4726
-3088;4913;-8001
-11974;-8302;-3672
-2983;-6473;3490
15299;9051;6248
9172;705;8467
-3889;-2149;-1740
-5425;-6156;731
3224;7456;-4232
5036;3334;1702
11092;3830;7262
-2642;2650;-5292
-7965;-2215;-5750
-5035;-1599;-3436
1650;9726;-8076
-10816;-8956;-1860
4755;7019;-2264
-7686;-393;-7293
1549;-5604;7153
-1601;2580;-4181
8506;-624;9130
11301;1891;9410
-7250;1656;-8906
-5733;-4791;-942
1224;-1601;2825
-6948;1528;-8476
17225;8326;8899
13836;9614;4222
-12182;-3782;-8400
-11932;-9058;-2874
-2749;-8923;6174
1166;1653;-487
-3887;-8841;4954
13249;6019;7230
608;-3601;4209
3619;9870;-6251
-4783;-6839;2056
-10933;-9827;-1106
7864;2661;5203
-542;-362;-180
10773;1371;9402
6455;2528;3927
-6744;-4761;-1983
13042;5859;7183
-15781;-9900;-5881
-12563;-4152;-8411
-683;566;-1249
-15939;-6811;-9128
6495;4274;2221
-6080;-4171;-1909
9432;1258;8174
-7438;96;-7534
4985;-4017;9002
1642;-5582;7224
14579;9096;5483
7497;5901;1596
1285;-2312;3597
-17;-2543;2526
7140;3675;3465
1402;935;467
2343;8270;-5927
-6774;-1775;-4999
2461;8788;-6327
6326;9207;-2881
-14046;-9540;-4506
-14097;-6166;-7931
5275;7223;-1948
2145;3045;-900
-13100;-4547;-8553
10038;7471;2567
15899;6409;9490
9324;9595;-271
-6347;-2809;-3538
-7733;-2040;-5693
-1494;771;-2265
-1378;-8786;7408
-11714;-6386;-5328
-4750;-6341;1591
6053;5274;779
-4435;-1102;-3333
-7391;1825;-9216
16116;6266;9850
-8086;-8176;90
13044;9370;3674
11270;7952;3318
-4864;-1938;-2926
-8962;-9860;898
-1878;-6542;4664
286;-7252;7538
-3402;-9785;6383
4986;1839;3147
-5523;-1843;-3680
-10010;-3939;-6071
13258;7302;5956
-8248;-1142;-7106
-11739;-6185;-5554
2422;-5202;7624
4551;8706;-4155
-2414;4077;-6491
-16259;-6966;-9293
-3250;-2545;-705
-4260;3677;-7937
-3762;-1727;-2035
2896;-6448;9344
-461;559;-1020
3224;7759;-4535
3593;298;3295
10296;5647;4649
-388;-5896;5508
11866;6526;5340
-17175;-8123;-9052
827;9145;-8318
4155;-3371;7526
4154;-4971;9125
2043;9077;-7034
520;2759;-2239
-5137;987;-6124
-3416;5381;-8797
12265;2905;9360
3253;5394;-2141
13992;5714;8278
6702;2057;4645
-4598;-5621;1023
-9891;-7485;-2406
-7741;-9722;1981
-3107;6007;-9114
15265;9520;5745
-5478;-3316;-2162
-13392;-7841;-5551
-2170;3082;-5252
10938;3298;7640
2226;-228;2454
-671;-8391;7720
6234;6324;-90
7398;-1563;8961
6111;68;6043
-7742;-1152;-6590
19549;9564;9985
2326;-1173;3499
13610;8774;4836
-1006;3496;-4502
-5533;-9491;3958
9800;3153;6647
14994;8145;6849
9175;1141;8034
3977;4041;-64
-3864;5237;-9101
-9589;-3484;-6105
-459;-9466;9007
9905;4117;5788
-6989;-3878;-3111
-13352;-7532;-5820
15638;9411;6227
1932;629;1303
-5895;-4992;-903
-2232;4997;-7229
-11628;-8140;-3488
5208;9223;-4015
-11348;-3552;-7796
-3895;3570;-7465
-18004;-8155;-9849
3841;736;3105
-12262;-9024;-3238
9282;4821;4461
4406;8420;-4014
-8045;-3145;-4900
-4249;5410;-9659
-7643;-2637;-5006
-4586;-1455;-3131
-11991;-6802;-5189
-777;5980;-6757
-11637;-6200;-5437
-13080;-4420;-8660
9184;2390;6794
6017;-836;6853
10895;3380;7515
-18618;-9476;-9142
17395;8485;8910
14366;5141;9225
-11962;-3153;-8809
8319;-814;9133
-7195;-3955;-3240
-2182;-2989;807
-2277;4250;-6527
-13165;-6700;-6465
-11691;-2184;-9507
17316;7826;9490
975;-4968;5943
-8060;-3022;-5038
-4930;1452;-6382
11640;9563;2077
-11896;-7919;-3977
1076;-7117;8193
-174;360;-534
-10354;-6177;-4177
11371;9661;1710
-316;9647;-9963
6749;5875;874
-12621;-8770;-3851
-6088;-9906;3818
3374;7844;-4470
13897;4568;9329
-8886;-4226;-4660
12483;7912;4571
721;-6737;7458
18323;8421;9902
-834;-550;-284
-5679;-6623;944
8016;1084;6932
-1864;-3336;1472
7774;6300;1474
8254;7439;815
4417;7362;-2945
2210;-1104;3314
1520;3633;-2113
-2392;4975;-7367
-3850;-2989;-861
2264;5952;-3688
-10359;-1967;-8392
-10700;-2887;-7813
4526;9288;-4762
7302;-1717;9019
2350;-454;2804
4322;9689;-5367
-3133;2879;-6012
4097;5536;-1439
11686;2866;8820
-2481;-6529;4048
9802;5800;4002
-3174;-8569;5395
-548;-6621;6073
-6464;-7532;1068
-8208;-4411;-3797
5516;3874;1642
-9112;-3854;-5258
9119;8233;886
-6641;-8189;1548
-7029;-4719;-2310
-3375;-770;-2605
2163;3585;-1422
132;1255;-1123
-16352;-7716;-8636
-2182;-5763;3581
5836;4658;1178
-1666;-9694;8028
7772;6783;989
2027;-2262;4289
3590;1633;1957
-9158;-2232;-6926
2362;-3267;5629
-8047;-5346;-2701
1302;-7838;9140
-7499;-2664;-4835
1926;-6527;8453
-4180;-8528;4348
2502;6991;-4489
-10781;-9173;-1608
-1145;-1214;69
2631;446;2185
12544;9149;3395
-5505;-1635;-3870
2045;2166;-121
13803;5599;8204
-10775;-7172;-3603
-5654;1961;-7615
-16988;-7155;-9833
-6268;2388;-8656
-6711;-2160;-4551
5680;5285;395
-7931;-3637;-4294
213;-186;399
15030;9676;5354
15352;7844;7508
-11353;-6019;-5334
9052;7903;1149
-4944;-4420;-524
-3863;-5767;1904
7615;614;7001
7924;5007;2917
-88;9043;-9131
6908;9984;-3076
4895;9246;-4351
-5977;-1494;-4483
-16116;-7596;-8520
-7927;-7007;-920
16187;9152;7035
4958;-2911;7869
-622;-4690;4068
-1821;-3257;1436
4214;2978;1236
3512;4848;-1336
-1666;4436;-6102
-15877;-8234;-7643
-9845;-3920;-5925
-10850;-1375;-9475
9377;5977;3400
6109;6753;-644
-3349;-230;-3119
10685;7842;2843
-2852;7032;-9884
-5241;-5298;57
-7289;-7998;709
-3509;-4600;1091
-8795;-2430;-6365
10071;4528;5543
-9687;-5627;-4060
-3785;2028;-5813
-11096;-6918;-4178
-6144;-770;-5374
13261;3957;9304
-2921;914;-3835
-2841;-9844;7003
-1144;2836;-3980
-10432;-3692;-6740
-1174;1139;-2313
-1388;8288;-9676
9650;8624;1026
-2604;6433;-9037
13257;5108;8149
-4407;1598;-6005
1534;4575;-3041
-6656;1500;-8156
3460;7405;-3945
-3851;-590;-3261
-10925;-1358;-9567
4837;-3692;8529
-2173;-1180;-993
15457;5731;9726
-13592;-8314;-5278
-2940;3462;-6402
-4130;2829;-6959
-15966;-7007;-8959
-6000;-6496;496
11696;8923;2773
-6344;-6661;317
4636;2670;1966
3150;7428;-4278
-5789;-2905;-2884
-10888;-3045;-7843
-5133;399;-5532
-4581;-5186;605
6746;2623;4123
10654;8819;1835
-6922;-4352;-2570
-18412;-8767;-9645
1952;-891;2843
1273;-6916;8189
-10241;-2252;-7989
-5153;3012;-8165
703;8084;-7381
-7563;-9288;1725
4451;2325;2126
13464;6986;6478
4463;8237;-3774
2642;-2424;5066
6295;-791;7086
-3808;1651;-5459
13862;8414;5448
-5462;-5430;-32
7823;4049;3774
-4795;4183;-8978
-7939;-843;-7096
-4561;-2652;-1909
1548;-4116;5664
6996;2643;4353
8368;-944;9312
684;3042;-2358
519;-9383;9902
-10001;-8480;-1521
1168;-8129;9297
10842;9206;1636
-10962;-5008;-5954
18227;8502;9725
10615;7113;3502
3305;-1317;4622
-2620;-6897;4277
6826;2564;4262
8891;268;8623
2712;-1075;3787
-16815;-9391;-7424
-15446;-5736;-9710
-8697;-8869;172
-11937;-3591;-8346
-873;-2530;1657
-182;8587;-8769
-11860;-8985;-2875
130;3380;-3250
-9334;-461;-8873
6638;2318;4320
-1069;-2100;1031
-6412;-5035;-1377
-909;6281;-7190
2840;2824;16
-11316;-1723;-9593
-11472;-5621;-5851
3666;8960;-5294
-1959;-1543;-416
2403;3419;-1016
9753;7557;2196
-479;-47;-432
13821;9191;4630
10679;4904;5775
-15684;-8907;-6777
46;-8448;8494
-1899;3353;-5252
-1121;-6027;4906
8007;-1355;9362
-2743;-7518;4775
12342;9298;3044
-10164;-2143;-8021
-11366;-7623;-3743
-9991;-3209;-6782
13832;4789;9043
10071;6260;3811
-12038;-8010;-4028
9434;2866;6568
6256;-2495;8751
2349;3103;-754
6026;4950;1076
-9625;-3051;-6574
-6046;2371;-8417
-7161;34;-7195
1891;4519;-2628
-3687;-4853;1166
-3434;3921;-7355
-8518;-1426;-7092
881;-3597;4478
-9120;-1398;-7722
-10573;-7111;-3462
389;-3737;4126
11639;4831;6808
8069;2083;5986
-1759;6602;-8361
12434;5660;6774
2410;1944;466
-4888;3451;-8339
13324;5007;8317
-1257;4012;-5269
681;-5280;5961
-10239;-5076;-5163
-5610;-3456;-2154
-3553;2147;-5700
2377;-786;3163
-17491;-8119;-9372
-12716;-5406;-7310
3980;2714;1266
-5282;-8133;2851
-7978;-5449;-2529
13610;4947;8663
8025;-360;8385
12118;9645;2473
-14043;-6823;-7220
-1729;-2414;685
8002;7344;658
10039;2708;7331
8722;7218;1504
-831;-3362;2531
205;-5174;5379
-4144;-6416;2272
6982;-1273;8255
-2948;5570;-8518
-12369;-5279;-7090
-4849;2528;-7377
10892;8871;2021
-16486;-8560;-7926
-8474;-6092;-2382
4591;-37;4628
-6956;-1061;-5895
-817;2179;-2996
307;-7919;8226
-13604;-8656;-4948
-1497;-3153;1656
-3303;-4190;887
-12832;-5792;-7040
-19168;-9600;-9568
-10213;-6683;-3530
-6085;-5605;-480
-8704;-2492;-6212
-3361;-9744;6383
-8183;-8822;639
-2159;5860;-8019
3261;-6257;9518
-18319;-9966;-8353
-8363;-2388;-5975
-11205;-7830;-3375
-79;6803;-6882
-8719;-8407;-312
3526;7224;-3698
-18366;-9108;-9258
6771;-1934;8705
-1953;5023;-6976
-15244;-7567;-7677
1638;31;1607
-4679;3350;-8029
4680;2133;2547
-865;1495;-2360
-7530;-3124;-4406
-5512;1274;-6786
500;3543;-3043
-13796;-6119;-7677
-13599;-3875;-9724
6286;8015;-1729
-10358;-2777;-7581
12500;7007;5493
11391;5842;5549
7524;1394;6130
-7064;-8160;1096
6114;-1581;7695
-15786;-8826;-6960
2179;-1275;3454
-5810;-5686;-124
-928;-5409;4481
-5475;-6215;740
13566;6012;7554
7807;-1649;9456
4995;3621;1374
707;5351;-4644
-12451;-3742;-8709
11092;2308;8784
-5071;-1635;-3436
5553;-1264;6817
-16729;-9639;-7090
5145;2392;2753
11062;2028;9034
1017;334;683
10597;2237;8360
6997;928;6069
-4850;3918;-8768
6583;6508;75
-10646;-1331;-9315
-7422;-2988;-4434
-3745;-3421;-324
7676;6012;1664
1323;1332;-9
-7714;-5339;-2375
2983;-4675;7658
8055;1341;6714
-2639;-7601;4962
4582;7239;-2657
-2365;6156;-8521
2596;8090;-5494
10774;9564;1210
8929;6508;2421
17941;9785;8156
-6741;360;-7101
-17430;-8476;-8954
2929;7423;-4494
15835;9295;6540
13423;7778;5645
15682;8506;7176
1142;2623;-1481
-4460;-5705;1245
4338;6497;-2159
5144;-2454;7598
15340;7251;8089
10403;2344;8059
-6994;-3721;-3273
-5141;-6703;1562
-1314;7415;-8729
1135;-5450;6585
5289;-1130;6419
16018;7226;8792
14787;6687;8100
1913;-7919;9832
10451;7429;3022
14970;9299;5671
3623;7721;-4098
1974;-2877;4851
-15747;-6855;-8892
-18202;-9575;-8627
17520;9896;7624
1769;-1326;3095
11228;4893;6335
-2372;5656;-8028
-16836;-7470;-9366
-3933;-7515;3582
-7908;869;-8777
6430;2919;3511
5183;-236;5419
9134;-246;9380
-4285;-2926;-1359
-7633;-1509;-6124
1783;-898;2681
1256;-8310;9566
1531;1933;-402
13509;3737;9772
4248;-4083;8331
-4550;599;-5149
7825;8434;-609
-924;3955;-4879
13818;4055;9763
13431;6683;6748
-1082;-4027;2945
-7449;135;-7584
-3276;-4995;1719
4719;-1659;6378
11393;3421;7972
-1302;-1791;489
17372;7569;9803
-2357;5380;-7737
-10846;-9462;-1384
-4109;4892;-9001
6538;5523;1015
561;1944;-1383
-10380;-8703;-1677
-230;-8125;7895
12652;6346;6306
2271;5469;-3198
-7712;-1880;-5832
197;-6071;6268
-8048;-5552;-2496
-2067;7030;-9097
4056;7857;-3801
-9782;-6267;-3515
1425;8424;-6999
-9796;113;-9909
2587;3628;-1041
-1650;8208;-9858
-195;-9425;9230
-5861;-7553;1692
6534;5854;680
7192;6175;1017
14734;7902;6832
-18845;-9061;-9784
3002;-4684;7686
13184;6226;6958
-14285;-9876;-4409
2192;8461;-6269
-11259;-5298;-5961
5030;-293;5323
-15471;-7381;-8090
-11799;-8381;-3418
3210;3982;-772
8220;1721;6499
14208;7047;7161
-823;-1402;579
8454;4572;3882
-16992;-8105;-8887
8749;7386;1363
-6442;-8234;1792
-1544;8351;-9895
-9648;-4854;-4794
-12566;-6553;-6013
1111;7966;-6855
-357;2010;-2367
-3774;2931;-6705
-10389;-5891;-4498
16595;8359;8236
7632;1586;6046
-7415;-5971;-1444
4725;-1286;6011
-11208;-5640;-5568
-3173;-1138;-2035
-5905;45;-5950
-3538;-5831;2293
5350;1794;3556
4456;7696;-3240
-6501;-4471;-2030
1477;-404;1881
-11376;-5206;-6170
-894;2134;-3028
-1535;-5254;3719
6113;-2286;8399
5364;7596;-2232
-2798;-6899;4101
-498;-692;194
2788;9827;-7039
-1682;4597;-6279
-5056;3815;-8871
-11288;-6096;-5192
848;9864;-9016
-2817;-5914;3097
2100;-653;2753
-2195;-7861;5666
3785;3863;-78
12404;3252;9152
-2649;-3711;1062
-12640;-2778;-9862
9800;8738;1062
-16567;-9389;-7178
4999;4580;419
5186;2697;2489
12691;4993;7698
17193;7908;9285
3003;3561;-558
7097;4074;3023
4135;8397;-4262
4706;2953;1753
-3036;-6627;3591
14350;9396;4954
-6473;-5717;-756
-4277;-1003;-3274
3982;5516;-1534
486;6845;-6359
-654;2129;-2783
1811;4970;-3159
6445;3730;2715
-7880;-2820;-5060
6093;9708;-3615
-4351;-6917;2566
1961;-4381;6342
2847;-5123;7970
5211;3115;2096
8986;-654;9640
805;1600;-795
-3167;2207;-5374
-9374;-78;-9296
-8962;-8646;-316
-2164;-5511;3347
5253;670;4583
-6900;-4245;-2655
1318;-7609;8927
-734;8892;-9626
12243;8178;4065
-549;-5359;4810
9597;470;9127
10900;2645;8255
8039;7457;582
-1097;5920;-7017
-5890;-2073;-3817
8698;-315;9013
1577;8823;-7246
3233;850;2383
-2417;-8124;5707
6495;908;5587
-6164;1498;-7662
-3543;3912;-7455
15377;7604;7773
6836;-2938;9774
12054;7295;4759
-1370;7755;-9125
5384;-1522;6906
-3373;935;-4308
-9840;-4173;-5667
-4429;-9784;5355
3009;1055;1954
11983;5751;6232
12823;4522;8301
-7848;-3012;-4836
-9536;-8314;-1222
11566;6601;4965
-2762;-1459;-1303
5796;4835;961
9657;5577;4080
-3985;-519;-3466
-2635;1318;-3953
-13589;-9914;-3675
6303;8291;-1988
15708;6799;8909
-14807;-9096;-5711
-2327;-920;-1407
1733;4374;-2641
-3237;-2794;-443
1220;6657;-5437
-2158;-1315;-843
8508;3905;4603
10232;3720;6512
-6993;-796;-6197
-2404;4884;-7288
5765;-1598;7363
-6010;-8107;2097
-14767;-9740;-5027
-9655;-8041;-1614
-2055;6149;-8204
-1006;-2228;1222
8438;2000;6438
-11480;-7129;-4351
722;7070;-6348
-7212;-3376;-3836
4230;7049;-2819
2433;157;2276
11394;9059;2335
-1652;3713;-5365
2286;2297;-11
-13113;-4372;-8741
-1005;7918;-8923
1692;4036;-2344
5623;9499;-3876
-2215;158;-2373
-9572;-5442;-4130
-3287;-328;-2959
13914;4100;9814
13347;8950;4397
4960;1929;3031
-3117;-2311;-806
9411;4443;4968
-11109;-7720;-3389
1245;-8572;9817
1474;-526;2000
-13120;-8496;-4624
-12172;-4386;-7786
12607;8861;3746
278;-6584;6862
-3717;-1447;-2270
9714;1225;8489
-8035;-950;-7085
-17345;-8793;-8552
-10655;-2205;-8450
-9267;-1199;-8068
-425;5706;-6131
-3721;-6515;2794
12518;3698;8820
90;-3410;3500
5220;9057;-3837
-6552;-7538;986
-12037;-8754;-3283
-13078;-9394;-3684
3293;7979;-4686
-12689;-8755;-3934
7058;9708;-2650
750;3914;-3164
12171;7403;4768
12085;2405;9680
940;1850;-910
8066;2352;5714
-16402;-9133;-7269
6678;9197;-2519
-14508;-4633;-9875
-12642;-4563;-8079
-9755;-1602;-8153
-2933;-8938;6005
13090;4928;8162
7321;2305;5016
-9586;-3469;-6117
-9989;-734;-9255
-7323;-2240;-5083
4407;-1433;5840
-15618;-6110;-9508
-11774;-4040;-7734
1942;8729;-6787
-4839;-4368;-471
-8126;1829;-9955
8689;7888;801
-13874;-5075;-8799
-1254;2522;-3776
-3489;3273;-6762
-12029;-2301;-9728
-5665;-3941;-1724
-4618;2068;-6686
16350;9683;6667
-2669;-3219;550
-10078;-9719;-359
17648;8884;8764
-13270;-9091;-4179
-9657;-2197;-7460
-4942;-3456;-1486
18020;8828;9192
9524;7732;1792
7677;-1588;9265
7738;6377;1361
5257;221;5036
-239;-8038;7799
-926;-4925;3999
-12243;-5631;-6612
19283;9824;9459
-8334;-4952;-3382
-4776;2266;-7042
12041;4709;7332
-6407;-7447;1040
-1235;-4377;3142
5884;4991;893
2742;5339;-2597
-6098;-2123;-3975
5022;2644;2378
4047;-947;4994
-1771;-8170;6399
2519;-6531;9050
1266;-1562;2828
6968;8071;-1103
4414;4547;-133
-238;-5192;4954
-2127;-5282;3155
-2341;-2694;353
4174;3802;372
773;9717;-8944
-7922;-8686;764
-9520;-7359;-2161
5910;-3043;8953
-10037;-793;-9244
-3413;3018;-6431
-6257;-3294;-2963
-9990;-9541;-449
13325;6081;7244
12641;6264;6377
8267;9678;-1411
8430;-568;8998
9391;6295;3096
6544;8443;-1899
-2188;7746;-9934
2114;8400;-6286
17929;8978;8951
-167;6822;-6989
-14716;-9638;-5078
-893;-725;-168
7526;3137;4389
-8793;530;-9323
-2443;870;-3313
-4101;-6920;2819
-2092;507;-2599
-17663;-8204;-9459
-8798;-7965;-833
-4744;5228;-9972
-4369;892;-5261
-5950;-4390;-1560
-2164;2928;-5092
-15275;-9037;-6238
-12907;-9550;-3357
-4796;1417;-6213
-4479;797;-5276
3723;4775;-1052
-11626;-4312;-7314
8776;-946;9722
-12241;-6420;-5821
-2929;-1265;-1664
1638;4283;-2645
-5105;-8457;3352
-8626;718;-9344
892;-5323;6215
8964;7699;1265
7689;5126;2563
-5681;3619;-9300
16874;8649;8225
14873;6887;7986
-12593;-3248;-9345
3639;-5355;8994
-1198;6919;-8117
-364;7436;-7800
-8047;-8531;484
-15321;-7820;-7501
-9497;-4092;-5405
-7665;-3374;-4291
-6065;-3626;-2439
16046;8729;7317
11580;5568;6012
-883;1078;-1961
2496;7876;-5380
1997;8168;-6171
2513;2565;-52
10129;8669;1460
-11276;-4313;-6963
8794;8256;538
10874;4669;6205
1871;-1088;2959
-15441;-6021;-9420
11851;9684;2167
-12024;-4435;-7589
15108;8288;6820
-2879;467;-3346
-3926;1535;-5461
-5786;-3179;-2607
-3329;6200;-9529
-5069;-4073;-996
8259;-67;8326
2821;992;1829
-359;-4945;4586
487;-3925;4412
2531;-2873;5404
5520;9268;-3748
-2328;-9742;7414
-18345;-9205;-9140
9080;2524;6556
-1357;-5813;4456
2789;-7127;9916
-11289;-4853;-6436
2801;7041;-4240
5543;-2411;7954
-2236;3420;-5656
-1919;-5929;4010
-4632;-1168;-3464
-872;-3790;2918
1932;-1328;3260
-14;8946;-8960
4521;-1951;6472
-2421;-7540;5119
-1292;-7062;5770
11574;8333;3241
10610;6380;4230
3246;-5438;8684
-1359;4685;-6044
15946;6613;9333
-5487;3942;-9429
10265;505;9760
-4204;1784;-5988
6146;-2160;8306
-6361;2644;-9005
-15288;-9619;-5669
1032;-6416;7448
-7709;-3263;-4446
-6228;-6586;358
-4219;-9213;4994
-7630;-346;-7284
-2776;-4177;1401
-5910;-3236;-2674
12330;8190;4140
-4072;-4994;922
-11028;-6716;-4312
-16380;-8215;-8165
-11385;-2431;-8954
2959;-6580;9539
1811;-2617;4428
2071;-6858;8929
-13419;-4554;-8865
-8455;-5371;-3084
-1331;-9956;8625
6894;-2460;9354
-15702;-5841;-9861
-11482;-2071;-9411
-18660;-9700;-8960
2374;-2603;4977
-898;-1185;287
6047;1365;4682
-1332;-816;-516
-1561;-2054;493
-1630;-1816;186
6384;9071;-2687
-2761;-5072;2311
-4962;4256;-9218
108;4563;-4455
8130;7229;901
-12838;-2944;-9894
4487;-5115;9602
12968;6722;6246
-13980;-6851;-7129
-1182;-5913;4731
1410;-4520;5930
933;1784;-851
-147;700;-847
-1840;-2639;799
-6231;-4627;-1604
2073;8154;-6081
16503;7262;9241
-8298;-8587;289
8337;2663;5674
12634;6060;6574
-9480;-5349;-4131
5246;1774;3472
-7905;1136;-9041
9015;4115;4900
-2281;-3885;1604
7806;7312;494
-5782;1141;-6923
4436;315;4121
9439;2411;7028
5913;1379;4534
-5105;-5429;324
-6068;-2487;-3581
-311;-5966;5655
924;2863;-1939
10852;2388;8464
-10247;-8566;-1681
1432;-8365;9797
235;6662;-6427
13716;9976;3740
-4332;-1150;-3182
-10852;-2651;-8201
-11178;-6471;-4707
-3555;-262;-3293
-14344;-6794;-7550
1280;-4785;6065
-10995;-6987;-4008
2192;-4332;6524
-3341;4314;-7655
8552;6360;2192
-14349;-7897;-6452
3722;6773;-3051
-11266;-4600;-6666
-8326;-5010;-3316
8700;-910;9610
-11008;-1242;-9766
-260;-8743;8483
6313;7014;-701
-10561;-4494;-6067
6673;-3193;9866
-1798;-2706;908
-4588;-439;-4149
-1006;410;-1416
-5198;202;-5400
-4439;1832;-6271
-1042;-905;-137
-12185;-7447;-4738
-6344;-380;-5964
