Y,X1,X2
-6775,-4220,-2555
5367,3184,2183
5165,265,4900
7036,2107,4929
452,-2078,2530
-969,-1152,183
2030,3527,-1497
-5309,-3041,-2268
-1957,2183,-4140
3811,4839,-1028
2461,3219,-758
-4095,-4849,754
-3043,-2085,-958
5328,2784,2544
2772,1633,1139
6524,2384,4140
3462,1797,1665
1318,-2839,4157
-6861,-4860,-2001
-56,-3024,2968
-1778,-1899,121
720,4501,-3781
-7844,-4949,-2895
-1764,-1879,115
-5140,-1286,-3854
-6229,-4410,-1819
-2267,-3039,772
1438,1462,-24
-2475,-4569,2094
8911,4662,4249
-7096,-4367,-2729
255,55,200
-7370,-2954,-4416
-1734,549,-2283
706,3967,-3261
7169,4580,2589
1636,4388,-2752
4523,916,3607
2059,-449,2508
-2109,-3074,965
4684,3734,950
-4360,-310,-4050
6211,4406,1805
-6760,-2362,-4398
1998,299,1699
5210,1057,4153
-4505,264,-4769
-64,934,-998
-2392,-4837,2445
-2022,2597,-4619
2419,-153,2572
-4760,-4905,145
-3326,593,-3919
-1266,-3751,2485
-6363,-1385,-4978
897,-2742,3639
4096,570,3526
-7517,-3695,-3822
3002,532,2470
-5799,-4960,-839
-1654,2631,-4285
3356,4144,-788
-7888,-3390,-4498
2756,119,2637
5937,4075,1862
1672,4691,-3019
1123,-1271,2394
5340,3110,2230
2034,-198,2232
-3709,-503,-3206
-3937,-487,-3450
1115,-1688,2803
792,3055,-2263
3395,362,3033
-2570,2102,-4672
1900,4904,-3004
-3402,-4166,764
-3370,-4610,1240
5187,3609,1578
4838,1762,3076
6041,1477,4564
-3296,1155,-4451
-2704,1429,-4133
6888,2164,4724
-1875,-3286,1411
507,3984,-3477
-5309,-1955,-3354
-5215,-1676,-3539
-798,1610,-2408
-7364,-2715,-4649
3598,-97,3695
-2455,-3342,887
-739,-1554,815
2476,-2141,4617
3082,714,2368
-6203,-4826,-1377
1322,2416,-1094
2473,2662,-189
-4017,-1600,-2417
2430,-1254,3684
174,-4541,4715
8837,4084,4753
2778,4496,-1718
-5085,-4217,-868
-3423,-2165,-1258
-5215,-3613,-1602
-6889,-2128,-4761
-1397,-665,-732
-4604,-911,-3693
-5034,-106,-4928
1191,-1026,2217
6830,3949,2881
-3423,-4366,943
21,-2121,2142
-840,-4466,3626
8557,4443,4114
-6005,-3515,-2490
-719,594,-1313
7172,3533,3639
-1000,-4657,3657
959,-48,1007
-1136,-4178,3042
-7437,-3322,-4115
-4175,-1503,-2672
3246,4171,-925
-2265,-2337,72
6464,2730,3734
584,4003,-3419
-815,-307,-508
-6567,-3965,-2602
5376,2955,2421
-2670,-155,-2515
370,-3971,4341
-2903,-1762,-1141
8073,4750,3323
1997,3403,-1406
7237,3562,3675
-1600,-906,-694
-130,-3377,3247
8104,4057,4047
-2041,2948,-4989
7488,3830,3658
-1734,-898,-836
-3844,-2804,-1040
5570,3636,1934
4881,1131,3750
6447,4525,1922
-1691,-1957,266
-4234,-565,-3669
-4166,-4148,-18
7005,2851,4154
-2914,-4599,1685
6175,4718,1457
7751,4651,3100
5690,2420,3270
-3156,-3563,407
-7261,-3392,-3869
-3593,-67,-3526
4271,3191,1080
-459,-2726,2267
-1359,2839,-4198
850,-3893,4743
3671,336,3335
3279,-271,3550
-350,-2120,1770
1092,2981,-1889
-6092,-1119,-4973
4296,2361,1935
729,4775,-4046
-1311,645,-1956
-359,-1595,1236
-713,-861,148
2109,-2462,4571
4658,4896,-238
1350,4173,-2823
-4043,-1642,-2401
4842,3002,1840
-2181,-404,-1777
-1281,171,-1452
-5587,-1156,-4431
-308,1085,-1393
-5118,-3558,-1560
-1616,1454,-3070
11,485,-474
2275,993,1282
2828,8,2820
4745,3005,1740
-925,1848,-2773
-35,-4512,4477
-5543,-2912,-2631
4012,-286,4298
-6838,-3260,-3578
4034,-728,4762
1646,4544,-2898
6613,2059,4554
8214,3806,4408
-8747,-3756,-4991
4500,2219,2281
2693,-543,3236
4330,2528,1802
-4498,-3529,-969
-133,-1608,1475
-1251,-63,-1188
8058,3172,4886
8202,3936,4266
-5455,-1666,-3789
-6009,-1885,-4124
6510,2457,4053
2657,2005,652
2980,-972,3952
2459,1226,1233
3242,2728,514
-2600,-4819,2219
-3434,-4861,1427
1488,-1462,2950
-1981,-1908,-73
-5635,-1374,-4261
5252,2146,3106
-2353,1725,-4078
1401,-1901,3302
3604,-950,4554
5315,4029,1286
-7487,-4770,-2717
2042,1237,805
6228,1938,4290
-5629,-1677,-3952
3228,2490,738
1568,-1624,3192
-4377,-3234,-1143
8437,3569,4868
-750,-3228,2478
-647,-4108,3461
548,-1431,1979
2034,4810,-2776
4723,4158,565
-1145,3570,-4715
5414,778,4636
8806,3849,4957
-1367,1516,-2883
-6559,-3785,-2774
66,1051,-985
397,-1368,1765
3640,1389,2251
-3142,782,-3924
333,2372,-2039
458,4855,-4397
1177,-1549,2726
2314,4080,-1766
3172,2758,414
7901,4463,3438
-2165,-624,-1541
-8210,-4921,-3289
-5765,-3061,-2704
-3389,-3717,328
2072,-925,2997
-3174,-750,-2424
2817,3780,-963
-3706,239,-3945
361,-2508,2869
503,1819,-1316
-4675,-3679,-996
-1790,419,-2209
-3633,-1177,-2456
-6070,-3979,-2091
1014,-328,1342
-427,-20,-407
-3475,-982,-2493
-489,-4988,4499
-4486,394,-4880
325,4449,-4124
7616,4230,3386
784,130,654
-7065,-2444,-4621
-4445,-2661,-1784
4550,4462,88
2678,4365,-1687
-5728,-4771,-957
-1121,179,-1300
-391,-1900,1509
4040,98,3942
3517,3285,232
-640,3571,-4211
-1168,558,-1726
6576,2864,3712
6103,3230,2873
272,1846,-1574
9046,4488,4558
903,2586,-1683
1619,1692,-73
-4066,-4784,718
-4753,-1783,-2970
-5323,-4446,-877
1118,-2293,3411
-1877,-1526,-351
665,4380,-3715
-1417,-3199,1782
-1698,-2096,398
2343,-2403,4746
5445,1972,3473
4770,659,4111
-333,-2176,1843
-4551,-2625,-1926
-2251,2164,-4415
-8332,-4495,-3837
-383,2069,-2452
-441,-1544,1103
1082,804,278
6534,4371,2163
3733,4367,-634
-6568,-4262,-2306
-1025,-2049,1024
-7239,-2641,-4598
-1388,-2365,977
2422,2736,-314
-346,-4979,4633
823,2121,-1298
1865,-1846,3711
2812,4052,-1240
-2568,-648,-1920
3375,3929,-554
-2315,1386,-3701
28,-638,666
4499,-96,4595
-6201,-1614,-4587
-4160,-2709,-1451
722,667,55
-78,1275,-1353
-1780,714,-2494
-3836,-1646,-2190
3553,-1349,4902
-7335,-3244,-4091
-1693,-3516,1823
1523,3631,-2108
-2607,-43,-2564
-3555,-1386,-2169
-1825,872,-2697
3982,4212,-230
5957,4293,1664
-4212,-2970,-1242
-7237,-4093,-3144
960,631,329
-4116,-35,-4081
-745,-1086,341
-2335,1749,-4084
-2925,-3818,893
-2639,-3288,649
-8760,-4238,-4522
8022,3411,4611
-1432,1137,-2569
341,4539,-4198
-1524,-1675,151
2336,487,1849
1520,38,1482
4327,2172,2155
6113,1166,4947
-7335,-4751,-2584
3743,1660,2083
-2316,-1233,-1083
3767,1373,2394
-326,1080,-1406
3089,-636,3725
77,4816,-4739
-1435,204,-1639
2413,4431,-2018
8671,4769,3902
-3576,-3170,-406
-1209,2250,-3459
4990,766,4224
-6900,-1909,-4991
-1542,1394,-2936
-2803,-4014,1211
67,1403,-1336
-3668,-915,-2753
4193,4916,-723
4603,3965,638
-5723,-4787,-936
2319,3174,-855
-1385,-2137,752
-6374,-2193,-4181
-1556,-427,-1129
671,-3371,4042
-1270,-1286,16
271,-3878,4149
-3398,74,-3472
9004,4063,4941
-902,-2722,1820
-3367,-1230,-2137
-3186,357,-3543
-2718,-3054,336
-7343,-4727,-2616
-3588,-4310,722
603,-3148,3751
-5361,-2349,-3012
8175,3488,4687
7044,4963,2081
1674,1226,448
2120,2743,-623
-1589,-4534,2945
2046,4072,-2026
4422,-179,4601
-4895,63,-4958
-1190,1489,-2679
1047,47,1000
-1183,-543,-640
4728,1332,3396
1195,-65,1260
432,-231,663
-5299,-1521,-3778
2464,3347,-883
-3558,-1883,-1675
466,-1501,1967
2494,4575,-2081
-317,-886,569
3468,4450,-982
-5411,-2121,-3290
60,-1733,1793
-118,1589,-1707
-575,4001,-4576
5607,953,4654
-1790,-4324,2534
-153,-1940,1787
-4636,-169,-4467
8060,4953,3107
-7386,-3639,-3747
-742,-2785,2043
-4967,-2170,-2797
3416,4278,-862
379,2422,-2043
3056,1703,1353
-2026,2449,-4475
-969,1671,-2640
859,-521,1380
2827,-1727,4554
-79,4587,-4666
-3441,-1188,-2253
5494,1414,4080
9077,4399,4678
320,-531,851
-1256,-4566,3310
3154,4056,-902
8033,3165,4868
-1230,575,-1805
-5798,-2033,-3765
-4974,-1696,-3278
-6026,-1440,-4586
-7268,-3263,-4005
3967,3501,466
-754,-4040,3286
598,1244,-646
-5368,-1222,-4146
-1021,2024,-3045
-5654,-2476,-3178
1061,1855,-794
-2915,437,-3352
3195,4187,-992
83,-250,333
-3232,-1858,-1374
19,4078,-4059
8677,4838,3839
-8144,-4076,-4068
3048,2089,959
-568,3425,-3993
2321,-1661,3982
2270,-1224,3494
2084,2317,-233
-5076,-1700,-3376
-4242,-3246,-996
3984,1056,2928
1912,-1674,3586
3134,4557,-1423
-1082,3268,-4350
3758,2348,1410
5869,1519,4350
-1052,717,-1769
4667,4150,517
83,3690,-3607
3956,1400,2556
-4231,-4094,-137
6647,1895,4752
-3032,-787,-2245
-3224,-1792,-1432
-1786,-779,-1007
3798,2688,1110
4890,3393,1497
-641,1454,-2095
-1595,1332,-2927
-1473,-4154,2681
-5408,-425,-4983
1804,172,1632
-2554,994,-3548
-2707,-1076,-1631
431,3244,-2813
2716,2130,586
-6885,-4597,-2288
-2513,-2922,409
5691,3384,2307
-477,-4488,4011
-177,-4394,4217
-3460,-53,-3407
-2447,344,-2791
-4381,-1856,-2525
8596,3657,4939
1357,2506,-1149
6919,3410,3509
2527,-443,2970
3148,4840,-1692
-5496,-1615,-3881
4988,540,4448
3293,-549,3842
2373,-837,3210
-1859,-3947,2088
-2415,-3282,867
-1419,3414,-4833
2907,2133,774
-419,917,-1336
2014,66,1948
585,4421,-3836
-5751,-1352,-4399
-1242,1500,-2742
-146,-4418,4272
-5407,-2158,-3249
296,2675,-2379
4779,4983,-204
-5584,-4482,-1102
-4377,-539,-3838
-2323,1485,-3808
1087,-2489,3576
-5697,-1051,-4646
-302,3119,-3421
-3052,131,-3183
1250,-1291,2541
2930,-1133,4063
-5512,-865,-4647
-710,834,-1544
-177,791,-968
-248,-2512,2264
-3239,-4222,983
-8051,-4395,-3656
9278,4463,4815
-922,-4849,3927
-5342,-3306,-2036
-3378,-3799,421
2704,-1400,4104
1939,-466,2405
4514,3976,538
3641,3093,548
-1892,1041,-2933
-2930,-2020,-910
-1740,891,-2631
5697,1103,4594
7942,4381,3561
-3266,-3073,-193
1600,-148,1748
402,20,382
1183,2028,-845
4565,-407,4972
6370,3688,2682
-371,451,-822
-4123,-4997,874
-5836,-2623,-3213
-1779,1667,-3446
-2504,1896,-4400
-2367,1616,-3983
2681,2441,240
-206,2571,-2777
210,4672,-4462
521,1164,-643
-4923,-4143,-780
-2429,-488,-1941
-3846,1089,-4935
4295,1398,2897
4894,4477,417
-6315,-2777,-3538
251,4367,-4116
1043,-361,1404
4057,2962,1095
-567,-3143,2576
-3381,-4677,1296
925,-1731,2656
-806,46,-852
-3163,-4067,904
607,1334,-727
4712,1423,3289
-4899,-3015,-1884
328,4090,-3762
150,-4092,4242
-2,-4971,4969
-3806,-2244,-1562
1027,3099,-2072
1006,1788,-782
-6804,-4642,-2162
-1347,747,-2094
3900,4217,-317
-7471,-4301,-3170
-1353,1234,-2587
5418,4684,734
4565,705,3860
1987,4870,-2883
-1911,-849,-1062
-1402,3123,-4525
-3605,-355,-3250
4998,2675,2323
-5470,-1233,-4237
156,1822,-1666
5177,1111,4066
-272,1689,-1961
3487,-156,3643
6975,4765,2210
-3352,272,-3624
-3153,1136,-4289
-1740,-246,-1494
-8023,-4041,-3982
-2409,-2363,-46
-1720,906,-2626
7277,4957,2320
15,1421,-1406
4149,1918,2231
1525,3007,-1482
8205,4245,3960
6249,4111,2138
-3090,-3216,126
5084,3941,1143
-5553,-4296,-1257
1944,1286,658
4883,2937,1946
4354,-611,4965
-3317,586,-3903
8420,4003,4417
8308,4160,4148
-2357,-3553,1196
-1651,-4784,3133
-654,-2898,2244
1547,-246,1793
3315,1759,1556
-385,2275,-2660
7663,4932,2731
3586,3091,495
483,-793,1276
2454,3516,-1062
-455,-2607,2152
7775,4457,3318
-4195,-4370,175
5473,1612,3861
-6577,-4924,-1653
270,-4686,4956
-2658,-4940,2282
-3970,-4746,776
-1288,719,-2007
-4204,-4722,518
6720,4483,2237
-2671,870,-3541
-2179,-1499,-680
6552,2840,3712
-7638,-3515,-4123
-3653,-4844,1191
4042,2159,1883
-5596,-956,-4640
-3050,-2067,-983
-3045,25,-3070
-1190,-2928,1738
-45,-3822,3777
-4958,-1560,-3398
-5513,-1147,-4366
-257,1775,-2032
-1800,-2137,337
-3194,1075,-4269
-3455,-2263,-1192
9114,4610,4504
-7798,-4012,-3786
-1117,2350,-3467
331,-2676,3007
-3490,-140,-3350
3208,3089,119
-5797,-4342,-1455
-8061,-4708,-3353
-2768,-2419,-349
6038,3820,2218
3401,4791,-1390
3019,4129,-1110
-2582,-805,-1777
8214,3611,4603
-6082,-1834,-4248
3836,1059,2777
5464,2573,2891
-1378,1612,-2990
3419,4479,-1060
6307,2281,4026
-1071,-1104,33
3081,600,2481
3532,1332,2200
-73,-903,830
5118,2348,2770
-3831,35,-3866
9426,4547,4879
2252,-450,2702
-774,131,-905
-4028,-984,-3044
-3227,-268,-2959
7356,3274,4082
1062,1400,-338
3797,1758,2039
8280,3380,4900
8985,4963,4022
-2068,-4986,2918
-3437,844,-4281
-4792,-3163,-1629
2684,4522,-1838
-848,2299,-3147
7315,3664,3651
-6997,-3033,-3964
-5414,-861,-4553
-4885,-3813,-1072
3508,-475,3983
-4022,-3290,-732
1105,-2704,3809
-1537,1727,-3264
-3694,557,-4251
-4241,-1381,-2860
-2951,-2073,-878
6984,4905,2079
3400,1776,1624
-2253,-1835,-418
728,2712,-1984
5856,2949,2907
-2595,1767,-4362
5114,2019,3095
-254,-4203,3949
3944,3855,89
4876,4568,308
9280,4756,4524
3795,2462,1333
6692,2891,3801
-3222,-3557,335
-2353,-3003,650
-7040,-4898,-2142
3981,238,3743
5765,2025,3740
3453,2394,1059
-2543,1446,-3989
1211,-1252,2463
138,-3731,3869
4248,2998,1250
-2255,1862,-4117
-4475,-3264,-1211
5540,1109,4431
-4062,-3054,-1008
5542,2267,3275
-269,960,-1229
-3322,-2822,-500
-2952,-2619,-333
32,-2241,2273
-297,4161,-4458
3277,3909,-632
-1995,-2230,235
-793,3410,-4203
-5616,-1396,-4220
2445,4809,-2364
4943,2108,2835
285,-1837,2122
-829,-2636,1807
-2157,555,-2712
2858,40,2818
3194,-1716,4910
5519,1830,3689
7361,4024,3337
4599,1951,2648
-1647,402,-2049
-2016,-2162,146
1189,3375,-2186
-6878,-4158,-2720
-59,-3810,3751
-2706,1996,-4702
7521,2981,4540
-1555,-2477,922
-5396,-2571,-2825
-1094,1704,-2798
822,-1093,1915
-4607,211,-4818
-6212,-1870,-4342
3731,-466,4197
-3837,-2687,-1150
5797,1293,4504
6761,2856,3905
6786,4895,1891
-7412,-4850,-2562
1264,4030,-2766
2380,2355,25
5138,1740,3398
-1655,-3747,2092
658,-1789,2447
-152,-4765,4613
-1221,3528,-4749
-8551,-4228,-4323
-2267,276,-2543
-6650,-4286,-2364
2025,-829,2854
5403,3262,2141
-3209,-754,-2455
-3889,482,-4371
2527,-1504,4031
2231,505,1726
-2819,-847,-1972
3776,-1052,4828
2196,-1237,3433
-290,3262,-3552
539,2289,-1750
-1989,-3128,1139
-824,-2445,1621
5277,1189,4088
3587,2888,699
1798,644,1154
2459,602,1857
-7816,-3145,-4671
-7431,-3191,-4240
-6219,-2396,-3823
-214,4746,-4960
-7687,-2974,-4713
-4489,-1915,-2574
-935,-2821,1886
-4423,-3194,-1229
6117,3709,2408
1653,-338,1991
8618,4135,4483
9334,4551,4783
-2489,1737,-4226
-943,-4629,3686
4074,-485,4559
-1240,-3329,2089
2302,-1922,4224
1380,2158,-778
1709,1659,50
-4527,-531,-3996
-5087,-2328,-2759
-1816,-2754,938
959,4990,-4031
-2805,484,-3289
-7804,-4283,-3521
4469,759,3710
2714,4820,-2106
7054,3050,4004
851,-736,1587
-1216,-567,-649
-1121,-1121,0
5353,2038,3315
2197,-1929,4126
-8346,-4105,-4241
-8163,-4089,-4074
7080,3409,3671
5137,4022,1115
3016,-1103,4119
-2151,1305,-3456
6913,4288,2625
-3554,-4086,532
3305,616,2689
-2926,-2184,-742
7180,3727,3453
1828,955,873
1510,20,1490
-3404,-1655,-1749
4244,1969,2275
5546,1902,3644
3904,1790,2114
-969,-4280,3311
-4893,-1732,-3161
4903,3643,1260
2362,1893,469
3216,1904,1312
-3130,-814,-2316
-1213,2776,-3989
515,1245,-730
-1206,-4807,3601
-6019,-4591,-1428
1895,1100,795
-4887,-1245,-3642
-1908,-921,-987
2905,1433,1472
4017,4648,-631
7988,4493,3495
1467,-1385,2852
3395,3220,175
4110,3950,160
-561,881,-1442
1130,2680,-1550
3778,2321,1457
-5824,-2591,-3233
-99,2577,-2676
-200,2124,-2324
-407,2588,-2995
-6577,-3854,-2723
-975,-3641,2666
1257,-1554,2811
1376,-2004,3380
-3507,-1558,-1949
2335,-808,3143
-1918,-1120,-798
670,-1729,2399
-970,-2417,1447
-4067,-2617,-1450
2240,-727,2967
1497,-2122,3619
-2970,353,-3323
-1175,-1385,210
-3135,-962,-2173
7655,3026,4629
3518,566,2952
-3146,-1833,-1313
-93,-3714,3621
-3381,-2578,-803
2664,2462,202
7972,4940,3032
-2030,-1296,-734
-4889,-1695,-3194
508,-676,1184
3126,217,2909
3712,3390,322
3123,2462,661
4717,4507,210
383,306,77
8845,4820,4025
-965,-2603,1638
-2061,-1851,-210
5996,4205,1791
-204,-2806,2602
-1278,333,-1611
-2831,1505,-4336
-856,-169,-687
5893,2259,3634
-3086,-2712,-374
-40,-1782,1742
-3888,241,-4129
2787,1692,1095
898,2487,-1589
3989,4008,-19
-2241,505,-2746
4353,1535,2818
4334,4568,-234
1795,930,865
-4547,-348,-4199
-3129,-4483,1354
-6231,-4225,-2006
4732,4461,271
600,3825,-3225
-5003,-928,-4075
-1240,2630,-3870
3839,4815,-976
5185,1284,3901
-3252,-3273,21
-622,-3827,3205
-526,-558,32
-1874,-1980,106
-2039,794,-2833
-7332,-3557,-3775
2344,2566,-222
-6138,-1429,-4709
9742,4776,4966
5859,4517,1342
4540,3540,1000
-770,-562,-208
3926,-902,4828
-3741,-150,-3591
3628,289,3339
3427,3453,-26
-5314,-1883,-3431
3997,3982,15
2804,2808,-4
-3739,-74,-3665
791,-3253,4044
2043,-1153,3196
3746,-872,4618
-3341,-419,-2922
1515,2962,-1447
-1761,3002,-4763
-4032,-3044,-988
1381,4287,-2906
-3788,-2797,-991
5113,2674,2439
1168,654,514
9509,4855,4654
-5154,-2486,-2668
670,1994,-1324
5233,2033,3200
2014,-621,2635
2152,-1442,3594
-2119,2253,-4372
819,2835,-2016
3220,2554,666
72,2685,-2613
-3701,-2155,-1546
227,-1388,1615
276,290,-14
-918,202,-1120
-677,-4611,3934
-414,-3607,3193
2796,3429,-633
2438,125,2313
-2398,2173,-4571
-5530,-3277,-2253
4370,3198,1172
-1470,-798,-672
2683,3720,-1037
-6555,-4376,-2179
-1394,2991,-4385
1911,1865,46
-5,195,-200
1904,-2975,4879
623,-2410,3033
4439,1642,2797
-4839,-3689,-1150
1647,-1155,2802
4223,652,3571
3113,-611,3724
-405,1174,-1579
5199,4452,747
2484,473,2011
4046,-135,4181
1727,62,1665
386,279,107
-890,-2103,1213
7489,2845,4644
-2042,-4706,2664
174,3217,-3043
4854,4884,-30
-2000,-4730,2730
-74,-4891,4817
-1817,210,-2027
-4547,-1158,-3389
314,-4605,4919
121,2311,-2190
-5533,-4129,-1404
-3147,468,-3615
821,4919,-4098
-1053,440,-1493
2813,-1661,4474
1543,1286,257
-264,4411,-4675
-586,706,-1292
-1548,-2483,935
5121,1165,3956
-5687,-4258,-1429
-2179,-3301,1122
1153,4082,-2929
-4822,-2536,-2286
-6056,-4643,-1413
7172,3047,4125
-9752,-4993,-4759
5252,3573,1679
-14,-1371,1357
-5254,-791,-4463
338,3738,-3400
-6497,-1861,-4636
-3507,-580,-2927
4489,4152,337
-1326,-2300,974
-7471,-2763,-4708
-7724,-3346,-4378
2573,1288,1285
-4148,-10,-4138
-2269,-3417,1148
-4329,-3108,-1221
-5149,-3529,-1620
6194,3757,2437
-8808,-4854,-3954
-6147,-4202,-1945
-2187,-703,-1484
2897,-1071,3968
-2170,-3638,1468
-5972,-3116,-2856
1589,-1017,2606
-2581,191,-2772
-378,3456,-3834
7401,4504,2897
-186,-3144,2958
3859,1582,2277
2322,2265,57
-3850,-471,-3379
347,-2626,2973
-5788,-2580,-3208
-4842,-4351,-491
-5474,-2428,-3046
350,-3504,3854
-2193,-3460,1267
-3431,-694,-2737
-527,-4897,4370
-6975,-4509,-2466
5899,3635,2264
-1015,1032,-2047
-3702,-1872,-1830
3590,3694,-104
543,-3211,3754
3995,312,3683
652,4702,-4050
-992,886,-1878
-2435,-1978,-457
-598,-4857,4259
-1091,-3432,2341
-2676,-4040,1364
-2022,156,-2178
5216,3431,1785
-243,3875,-4118
-940,103,-1043
-6893,-2343,-4550
-6281,-1825,-4456
7526,4285,3241
9157,4785,4372
-806,1756,-2562
1175,-881,2056
1177,4689,-3512
-2933,-1546,-1387
-904,1469,-2373
3419,3692,-273
-6677,-4785,-1892
7793,2922,4871
-2192,2624,-4816
-3285,-975,-2310
7338,3865,3473
638,-2044,2682
8731,4401,4330
-6009,-4715,-1294
-3764,-457,-3307
-4376,-1245,-3131
-2264,-374,-1890
-1525,-4559,3034
6973,1973,5000
5254,3785,1469
3283,2245,1038
1966,861,1105
1634,-348,1982
2621,1074,1547
-736,3127,-3863
-1320,-3691,2371
-2251,1106,-3357
-5960,-1044,-4916
6894,4029,2865
-1097,-986,-111
-2872,2128,-5000
-7943,-4678,-3265
3695,1101,2594
7780,3742,4038
919,2517,-1598
-92,963,-1055
-1014,1529,-2543
4702,968,3734
1473,4518,-3045
-1017,-4886,3869
305,-2569,2874
2581,-2018,4599
1894,-2876,4770
2647,-1726,4373
4314,1173,3141
-5218,-3487,-1731
3448,-1518,4966
4197,1541,2656
3078,-192,3270
-2555,-3484,929
-1914,-4112,2198
-1166,1323,-2489
1109,-1481,2590
1443,-3241,4684
3820,988,2832
3317,-1092,4409
284,2610,-2326
343,-4232,4575
-3673,98,-3771
-1269,3456,-4725
-3432,1089,-4521
-284,-2359,2075
-5138,-762,-4376
-6442,-3473,-2969
1244,-2578,3822
-3863,64,-3927
7002,3618,3384
1454,-2580,4034
2463,342,2121
1544,-1008,2552
-7332,-2358,-4974
1070,-3344,4414
267,724,-457
4948,229,4719
-5794,-1520,-4274
-8532,-4947,-3585
357,-4275,4632
4835,434,4401
-3950,-407,-3543
-4968,-783,-4185
-7112,-2543,-4569
-1984,-751,-1233
5535,786,4749
-7725,-3623,-4102
780,4268,-3488
1456,-2004,3460
646,-4310,4956
3616,4904,-1288
-2543,160,-2703
2280,3341,-1061
-5305,-619,-4686
-645,-478,-167
-5000,-2597,-2403
-2067,1981,-4048
71,-1277,1348
4759,1835,2924
-1211,2345,-3556
209,-1085,1294
2621,1928,693
-2397,-538,-1859
7872,4729,3143
-3539,-3244,-295
-3548,213,-3761
-670,2547,-3217
2018,1593,425
2070,2636,-566
3295,1059,2236
-3249,-2426,-823
8,1905,-1897
4597,3070,1527
-1749,-4857,3108
337,-1571,1908
3723,1025,2698
2416,-1000,3416
-3932,-1975,-1957
5081,4365,716
6959,3818,3141
2851,1860,991
2359,3490,-1131
-2676,-3106,430
397,4002,-3605
8895,4453,4442
418,2509,-2091
2487,538,1949
-2940,-4619,1679
7873,3106,4767
-5135,-4499,-636
8097,4879,3218
3545,4133,-588
2022,-1836,3858
-2175,-3397,1222
2437,-2284,4721
-3909,-987,-2922
-3020,-697,-2323
-5936,-2999,-2937
-1392,-2506,1114
1039,3738,-2699
4995,1374,3621
-7294,-4334,-2960
6589,2673,3916
-3074,515,-3589
4883,1769,3114
-6136,-3547,-2589
1383,2912,-1529
1267,241,1026
-685,2992,-3677
-3189,843,-4032
-4270,-2953,-1317
2745,4800,-2055
5373,4436,937
-1329,-1024,-305
1948,1790,158
-1907,-1614,-293
4048,-910,4958
-674,2030,-2704
5328,3470,1858
2286,3218,-932
5453,4825,628
-1562,-4856,3294
903,-6,909
7343,3727,3616
-6695,-2078,-4617
-1053,3717,-4770
717,1364,-647
-5676,-2435,-3241
158,933,-775
3513,962,2551
-2781,2022,-4803
-4740,-3556,-1184
-3803,-4962,1159
-1198,-4852,3654
1383,347,1036
-1349,-2902,1553
6872,2113,4759
-3010,1577,-4587
6729,4523,2206
-4708,-1753,-2955
1574,2273,-699
-5849,-4639,-1210
-1241,2590,-3831
3047,-1127,4174
5768,4615,1153
2230,622,1608
4389,963,3426
3094,2149,945
607,3728,-3121
6203,4198,2005
-1758,1631,-3389
-1625,3009,-4634
1102,2942,-1840
-1880,1044,-2924
-2258,-271,-1987
-5666,-1313,-4353
4455,2968,1487
358,2735,-2377
648,-1902,2550
-1402,-300,-1102
6427,3997,2430
-1046,250,-1296
800,4830,-4030
-7366,-3519,-3847
1311,3404,-2093
-3098,-4574,1476
-7069,-2903,-4166
-3378,-4586,1208
-309,2749,-3058
9006,4372,4634
1778,3926,-2148
-4670,-2417,-2253
-5428,-3290,-2138
-5491,-2419,-3072
1905,-1663,3568
6895,2246,4649
-4521,-4175,-346
-3666,-2063,-1603
-464,3117,-3581
-4911,-2122,-2789
7742,4464,3278
2694,4903,-2209
2372,-49,2421
-443,-617,174
6656,2149,4507
-1539,-2071,532
-5629,-2279,-3350
4638,3347,1291
2666,1791,875
-1587,-2005,418
-2079,-4721,2642
808,1059,-251
-4045,-3550,-495
-3999,-1187,-2812
-940,1224,-2164
-1901,-4549,2648
-3222,-2445,-777
3201,1520,1681
-4793,-1204,-3589
165,-3082,3247
797,-3456,4253
2779,3997,-1218
5491,934,4557
-3097,-2694,-403
-4916,-843,-4073
-6287,-1710,-4577
-3812,297,-4109
-1076,-4025,2949
707,85,622
-9756,-4913,-4843
2376,3544,-1168
8204,4641,3563
1028,4107,-3079
-2709,2229,-4938
-7213,-3487,-3726
-792,1770,-2562
-7592,-2637,-4955
-3019,-3180,161
4246,3848,398
6365,2036,4329
6240,4797,1443
257,1164,-907
-9496,-4560,-4936
282,816,-534
-787,1098,-1885
-1720,-2293,573
6799,2419,4380
-2888,1231,-4119
2759,2393,366
1199,2518,-1319
-1303,2118,-3421
-514,-2275,1761
-2281,1197,-3478
-222,3531,-3753
-4454,-2027,-2427
-3832,-144,-3688
-5011,-3845,-1166
4042,301,3741
618,4993,-4375
-4844,-3557,-1287
-1891,-2294,403
-893,2632,-3525
1125,-2975,4100
-3749,-4920,1171
-7139,-4944,-2195
8723,4130,4593
-5430,-1033,-4397
8659,4082,4577
1411,-971,2382
-185,1008,-1193
2494,3909,-1415
-2717,1558,-4275
5763,3390,2373
6606,2199,4407
2772,2181,591
5866,3227,2639
-6411,-3739,-2672
3980,489,3491
3032,-706,3738
20,-3811,3831
-9581,-4789,-4792
6955,4915,2040
2729,4289,-1560
-5255,-3000,-2255
3078,248,2830
4124,1968,2156
565,1079,-514
-6505,-4776,-1729
-1612,-3524,1912
-1736,2093,-3829
6727,2959,3768
-230,-2256,2026
-4616,370,-4986
504,-957,1461
11,-889,900
-656,-2414,1758
-6333,-1769,-4564
6222,4918,1304
730,4835,-4105
-1742,-2359,617
-6200,-1530,-4670
1394,-3592,4986
4748,2676,2072
4076,1244,2832
480,-4174,4654
-8641,-4563,-4078
-23,2540,-2563
1554,-344,1898
7073,2291,4782
2231,90,2141
-2020,-1082,-938
-8125,-4016,-4109
-395,-4344,3949
-1,431,-432
8361,4672,3689
2033,1262,771
2014,-286,2300
3484,-533,4017
4728,2065,2663
-4045,-2101,-1944
-242,-3042,2800
-1691,521,-2212
1634,-3281,4915
-6629,-4093,-2536
-3108,-3138,30
4596,-312,4908
-4870,-610,-4260
160,-1729,1889
-3028,1241,-4269
-1199,972,-2171
7649,3388,4261
-4279,-3347,-932
2080,3046,-966
1289,-3117,4406
8392,3559,4833
-3906,-897,-3009
5121,2731,2390
434,1662,-1228
2912,3692,-780
5991,3719,2272
2342,-401,2743
-686,-1805,1119
-1147,743,-1890
8733,3744,4989
-5812,-3067,-2745
-704,363,-1067
-3751,-9,-3742
-2104,2430,-4534
606,-1324,1930
1196,4900,-3704
8177,3280,4897
780,991,-211
8429,3474,4955
4741,3592,1149
302,-3627,3929
-4396,-328,-4068
-7610,-3302,-4308
3662,35,3627
1429,3039,-1610
3021,1478,1543
430,3486,-3056
767,-1339,2106
-7532,-4115,-3417
3150,3578,-428
199,4866,-4667
-597,-2956,2359
871,-2096,2967
-8006,-4376,-3630
-31,1354,-1385
-2272,-2579,307
-7689,-3276,-4413
-2317,-4897,2580
-2282,-527,-1755
2981,-59,3040
4346,4570,-224
-674,-1821,1147
-8848,-4590,-4258
4296,-335,4631
7241,4449,2792
3254,-1407,4661
3801,216,3585
6522,4233,2289
672,1026,-354
-5067,-2468,-2599
-2919,-4964,2045
-1163,2538,-3701
3072,2077,995
-573,-3616,3043
4558,4033,525
5766,3322,2444
1739,-1330,3069
-1706,-228,-1478
6226,3519,2707
6942,4503,2439
-5333,-1595,-3738
5624,1821,3803
3271,-1166,4437
1854,268,1586
7893,4801,3092
4537,3276,1261
1043,-1581,2624
732,4983,-4251
504,-52,556
-706,3560,-4266
-1327,3574,-4901
-600,-4328,3728
2834,1087,1747
3075,-1692,4767
-3573,-4919,1346
-4053,-2292,-1761
611,1426,-815
-4225,-1418,-2807
650,2204,-1554
1341,4136,-2795
-1002,-4469,3467
1045,-3303,4348
1517,3920,-2403
-1065,3572,-4637
2564,4050,-1486
6953,3321,3632
-3282,829,-4111
-2570,2362,-4932
1104,1255,-151
-2015,2248,-4263
2941,4055,-1114
6685,2697,3988
827,4721,-3894
-1686,-2137,451
-7074,-3788,-3286
-1412,1843,-3255
-2513,2362,-4875
-4166,-4743,577
-516,-2047,1531
-249,-2976,2727
-7346,-3203,-4143
8157,3805,4352
4638,2758,1880
-2666,-113,-2553
1778,-29,1807
6919,2455,4464
-7128,-3868,-3260
1163,-2547,3710
5751,3898,1853
-1373,-4541,3168
-2541,502,-3043
-3765,772,-4537
-3802,-4625,823
-7407,-2596,-4811
5784,4485,1299
-749,-3261,2512
-2114,-4534,2420
4507,259,4248
-233,-2885,2652
3077,4732,-1655
2995,978,2017
7462,3184,4278
-1743,-2932,1189
-1084,1374,-2458
2482,75,2407
1525,3898,-2373
6892,3840,3052
-964,-1678,714
-5364,-1409,-3955
-1038,-4688,3650
1749,-1375,3124
-393,-397,4
-2002,520,-2522
-467,1549,-2016
1682,-275,1957
-1572,1111,-2683
-1329,-4780,3451
-4363,-4875,512
446,-1968,2414
-5773,-1449,-4324
-2222,2450,-4672
-1423,245,-1668
-3337,-772,-2565
-7399,-3046,-4353
3916,158,3758
2162,-2644,4806
5603,4667,936
-133,3527,-3660
127,-1743,1870
1869,2141,-272
9005,4703,4302
181,-2030,2211
-8767,-3782,-4985
-3496,716,-4212
-5505,-2625,-2880
-4109,-4287,178
-2605,1862,-4467
-9039,-4732,-4307
3001,919,2082
-4545,-947,-3598
195,650,-455
1742,4006,-2264
1478,-3249,4727
-266,584,-850
409,4773,-4364
6263,3682,2581
5774,1342,4432
4184,4597,-413
-2710,-617,-2093
-341,2963,-3304
-5801,-2214,-3587
1426,-2092,3518
1453,2508,-1055
-6540,-1953,-4587
5229,4931,298
-2791,-560,-2231
-7394,-4040,-3354
575,-3384,3959
2761,1528,1233
6812,3811,3001
3180,2475,705
-1502,-19,-1483
3656,3837,-181
1763,-934,2697
-472,3669,-4141
5248,4748,500
-1659,-809,-850
2478,1039,1439
1180,-925,2105
2142,-1604,3746
-2634,-54,-2580
5815,3117,2698
2445,4452,-2007
2179,4867,-2688
-1143,1420,-2563
-3350,943,-4293
5286,1373,3913
-264,-4121,3857
1305,1436,-131
6104,1710,4394
85,3701,-3616
2842,-1196,4038
-6744,-2185,-4559
2195,1756,439
-3660,-1830,-1830
-2372,-4805,2433
632,900,-268
-1662,540,-2202
5008,1384,3624
-5511,-1504,-4007
8075,4907,3168
-445,-4932,4487
-1947,-1314,-633
-5444,-1407,-4037
-4036,-2325,-1711
1348,-1325,2673
5786,1086,4700
7158,2230,4928
2913,3317,-404
-426,2143,-2569
4869,3238,1631
2724,3953,-1229
1523,249,1274
-5512,-4222,-1290
1625,2637,-1012
1326,-2966,4292
-1866,3039,-4905
-5226,-1350,-3876
1463,949,514
8019,3272,4747
5684,4548,1136
-361,-3907,3546
-610,-1561,951
-3151,1826,-4977
499,-4421,4920
-6797,-3506,-3291
7408,4017,3391
2538,1457,1081
7213,4449,2764
-4983,-4779,-204
1069,-1111,2180
7173,4332,2841
2030,-1665,3695
539,-1569,2108
829,2305,-1476
-4257,-3306,-951
-2414,-2388,-26
5217,1695,3522
-6905,-2620,-4285
-4099,36,-4135
334,4357,-4023
971,4532,-3561
-1717,-1692,-25
2919,-489,3408
-2082,-2146,64
193,4391,-4198
-4780,-921,-3859
-7313,-3672,-3641
3471,-293,3764
8307,4098,4209
113,4101,-3988
-6039,-2076,-3963
-4403,-107,-4296
-114,-3119,3005
2156,2596,-440
5037,1138,3899
-1646,249,-1895
-2494,921,-3415
5609,3248,2361
-2425,-2275,-150
3567,487,3080
-2707,-1653,-1054
-786,-714,-72
4704,447,4257
-4485,-3782,-703
896,558,338
-1025,-2955,1930
5008,3075,1933
6018,2013,4005
8796,4923,3873
-5907,-3044,-2863
5637,4888,749
-462,-3176,2714
-4106,-2112,-1994
1343,-2536,3879
5257,4417,840
2924,2765,159
-1546,1427,-2973
1450,-457,1907
567,-3688,4255
2447,-885,3332
7708,2887,4821
525,-3364,3889
3194,3622,-428
287,-634,921
1687,-2409,4096
1288,3524,-2236
241,4312,-4071
4214,-477,4691
5308,3933,1375
-1616,2758,-4374
-4496,-1298,-3198
-2647,1195,-3842
3521,-1355,4876
-7563,-3799,-3764
-7522,-4466,-3056
3890,4142,-252
4033,3137,896
796,-3169,3965
1305,3602,-2297
6678,3789,2889
4355,1817,2538
-2843,1033,-3876
8599,4894,3705
-7775,-3839,-3936
3633,1613,2020
-2204,-149,-2055
1505,2529,-1024
4006,-470,4476
6118,3425,2693
-2156,-2701,545
-1902,2746,-4648
7256,2715,4541
8391,3422,4969
-7377,-3934,-3443
752,129,623
-1443,2277,-3720
2650,-2155,4805
-1000,-2516,1516
-4518,-3735,-783
-1706,-103,-1603
-3841,979,-4820
138,-4041,4179
1191,-975,2166
-5706,-2704,-3002
-2726,-686,-2040
185,-3136,3321
-917,-2349,1432
-6155,-1698,-4457
-4032,-432,-3600
1362,3826,-2464
-7779,-4209,-3570
1424,-2587,4011
-1366,509,-1875
-558,2479,-3037
5566,3999,1567
-2278,2307,-4585
-266,-3635,3369
338,-2536,2874
-2707,681,-3388
543,-871,1414
-1595,-3232,1637
2845,1158,1687
-2305,1845,-4150
-7246,-4744,-2502
1208,-2525,3733
-3654,639,-4293
-958,2621,-3579
792,-296,1088
-8818,-4332,-4486
989,2960,-1971
657,2534,-1877
1106,-288,1394
-4101,-4710,609
-2208,2792,-5000
-4927,-3149,-1778
1742,-1327,3069
-4095,95,-4190
-4147,-722,-3425
1329,1406,-77
-7851,-4421,-3430
-2387,1077,-3464
3199,4884,-1685
5567,4207,1360
174,-4450,4624
-3773,-2057,-1716
-6519,-2391,-4128
-6122,-2294,-3828
-1541,-4914,3373
-1735,-488,-1247
-3669,-2426,-1243
1142,2683,-1541
-2853,-1861,-992
7082,3431,3651
-7373,-3782,-3591
-1866,854,-2720
677,308,369
3143,3042,101
4682,154,4528
1833,-1733,3566
-6118,-4556,-1562
-2035,945,-2980
4508,1619,2889
-5748,-3811,-1937
-3180,-4129,949
-553,2411,-2964
1036,3635,-2599
6486,1526,4960
7977,3555,4422
-689,738,-1427
-7874,-3165,-4709
-2519,-134,-2385
260,-4204,4464
2137,2843,-706
-271,-1748,1477
2449,3026,-577
-5409,-1282,-4127
-1464,-3247,1783
67,4411,-4344
-3228,1318,-4546
78,2123,-2045
-4292,-2492,-1800
-2008,409,-2417
-7165,-3811,-3354
-6758,-1873,-4885
-3989,421,-4410
-642,-4032,3390
3808,3575,233
-8397,-4893,-3504
1595,463,1132
-6236,-1521,-4715
-943,-4425,3482
8045,4296,3749
6282,1495,4787
5793,2466,3327
-4046,263,-4309
-1315,3023,-4338
5063,3279,1784
2000,3509,-1509
1750,4108,-2358
-875,2994,-3869
183,-1379,1562
-6624,-3381,-3243
-1584,347,-1931
-3510,-3013,-497
320,-3639,3959
-6899,-3283,-3616
-856,-2923,2067
-2724,1898,-4622
2330,710,1620
-3562,-3295,-267
-3642,740,-4382
-6951,-2303,-4648
-1591,-1934,343
-3584,-4423,839
-3869,-3043,-826
4481,3141,1340
-243,-3754,3511
734,-598,1332
4733,656,4077
7433,3388,4045
-4112,-2151,-1961
1233,-2295,3528
-2207,-2476,269
-7039,-2268,-4771
-1815,460,-2275
-8512,-4904,-3608
-1631,-3403,1772
689,1965,-1276
-2301,-571,-1730
4007,125,3882
-7199,-2809,-4390
6885,3858,3027
2240,2522,-282
1444,-864,2308
3306,-928,4234
-4808,-2169,-2639
-6506,-2116,-4390
2409,3851,-1442
5417,4605,812
-2031,-3153,1122
-2907,1699,-4606
6447,4085,2362
1151,-707,1858
-6579,-3319,-3260
-4811,186,-4997
-998,2012,-3010
7334,3206,4128
5323,2566,2757
-1104,3566,-4670
684,-2646,3330
2398,1696,702
-8588,-4595,-3993
7227,3101,4126
1715,-277,1992
3835,4146,-311
6289,2196,4093
1632,4962,-3330
-6176,-2147,-4029
-6581,-2579,-4002
19,3637,-3618
7073,2578,4495
4220,1007,3213
-7396,-3089,-4307
-4263,-4312,49
485,947,-462
-8136,-3873,-4263
-4774,-1136,-3638
-652,1600,-2252
-2367,2530,-4897
7053,4902,2151
4515,3615,900
1052,4891,-3839
-1962,-2543,581
-8760,-4994,-3766
-7482,-2641,-4841
349,2920,-2571
794,1236,-442
1344,-1391,2735
3825,629,3196
-686,-2870,2184
-8682,-4293,-4389
-3865,676,-4541
-8811,-4459,-4352
-5856,-4327,-1529
811,-783,1594
2744,293,2451
4088,4705,-617
6353,4238,2115
5703,1359,4344
1303,3877,-2574
-3964,-4227,263
-1811,-3430,1619
-1236,281,-1517
1179,4533,-3354
-6975,-4552,-2423
-25,-3449,3424
2703,-1981,4684
6775,4693,2082
-2039,-4935,2896
-1610,262,-1872
-7357,-2865,-4492
-3099,-4488,1389
-2261,-660,-1601
-233,-4673,4440
-2005,2569,-4574
-3297,8,-3305
-2409,-1031,-1378
-2893,-1600,-1293
-1331,-3956,2625
-3001,-3391,390
-8547,-4409,-4138
-682,-3331,2649
10,-2997,3007
1793,4175,-2382
-4449,-4814,365
3866,970,2896
-3779,-1860,-1919
585,-3461,4046
-2033,-2643,610
-1658,98,-1756
5997,1401,4596
492,2868,-2376
2206,2114,92
-3120,-199,-2921
-4020,-22,-3998
1476,702,774
861,-1051,1912
501,-976,1477
2522,1625,897
-790,63,-853
2715,-1368,4083
3058,2911,147
-2225,261,-2486
2347,3264,-917
6874,4908,1966
-6605,-3942,-2663
-3343,-3649,306
4298,3214,1084
1180,-740,1920
-5204,-3417,-1787
-8451,-4423,-4028
-2860,-4343,1483
-1838,1688,-3526
-1877,1475,-3352
2193,3929,-1736
-4628,-4445,-183
9258,4364,4894
-6968,-4158,-2810
-1105,-3260,2155
4150,-451,4601
-1354,-711,-643
-686,3482,-4168
-805,-2212,1407
-2375,-4704,2329
-270,2597,-2867
-1621,216,-1837
-2984,-788,-2196
-3210,-3383,173
-1249,2946,-4195
-2063,1242,-3305
4519,1796,2723
5927,2795,3132
-7331,-4935,-2396
1968,1444,524
7094,2985,4109
-490,-1863,1373
1001,667,334
-343,2103,-2446
3977,-94,4071
-1936,-262,-1674
2606,-2249,4855
2969,2377,592
-7577,-4473,-3104
-4754,-871,-3883
-3525,383,-3908
-1002,1774,-2776
-2690,-1397,-1293
-1918,199,-2117
3269,118,3151
-2935,-1995,-940
5208,3345,1863
-3558,411,-3969
1089,2439,-1350
-531,2407,-2938
-794,2546,-3340
-5699,-2070,-3629
4557,691,3866
6397,4300,2097
2524,1215,1309
-1408,-3438,2030
2947,-1760,4707
2538,-1792,4330
2020,3220,-1200
1383,1306,77
-1622,-3162,1540
3455,664,2791
-1231,-3317,2086
-965,678,-1643
-605,-1875,1270
-3369,223,-3592
-7111,-3958,-3153
-861,2238,-3099
2793,1010,1783
-1317,-4235,2918
-1639,-1419,-220
-3777,-1609,-2168
-5600,-4171,-1429
-2673,1624,-4297
-480,-2403,1923
6679,2598,4081
-2619,-3368,749
-6516,-4890,-1626
4999,1701,3298
5390,536,4854
-2920,-773,-2147
-2604,-1627,-977
2461,194,2267
-563,-2318,1755
-292,-2522,2230
-3514,-2837,-677
2417,1305,1112
-2949,581,-3530
5779,3189,2590
-1368,3463,-4831
-1953,2187,-4140
3235,3338,-103
713,2253,-1540
-8072,-4225,-3847
-6389,-1457,-4932
-1627,-642,-985
2175,680,1495
-827,2834,-3661
-5186,-1501,-3685
-8806,-4157,-4649
-7071,-4625,-2446
-170,245,-415
153,3951,-3798
3906,3361,545
-3804,-4263,459
6139,4700,1439
-3462,1339,-4801
4929,4425,504
-2655,-2244,-411
-7151,-3180,-3971
3623,2126,1497
-999,1275,-2274
-965,-1186,221
2000,-2642,4642
-4646,-2167,-2479
406,29,377
-1374,1788,-3162
-5777,-1046,-4731
46,-1493,1539
-68,2480,-2548
4520,576,3944
-3937,-1967,-1970
-7702,-3149,-4553
818,-945,1763
3381,3387,-6
-3688,947,-4635
1047,4117,-3070
1862,821,1041
-5628,-3722,-1906
4125,1848,2277
-2894,-2106,-788
-2,-636,634
8631,3815,4816
-1671,1355,-3026
-5974,-2053,-3921
4301,-424,4725
1261,2363,-1102
1101,-1407,2508
4465,3507,958
3561,2236,1325
7566,4453,3113
-9161,-4823,-4338
904,-1579,2483
-3066,-361,-2705
267,-4612,4879
925,4494,-3569
121,-4359,4480
-3890,779,-4669
-4552,-1702,-2850
-4552,-4922,370
-4047,379,-4426
6214,4598,1616
-3069,734,-3803
641,486,155
-795,2735,-3530
-3504,-1021,-2483
-9575,-4916,-4659
4984,1543,3441
1936,-359,2295
-2415,220,-2635
-2548,-847,-1701
2269,-568,2837
-5460,-1985,-3475
-3041,-1996,-1045
2894,1214,1680
-1550,-1953,403
-3910,-2596,-1314
-4375,-3541,-834
-6047,-1510,-4537
2075,1373,702
-424,3733,-4157
-7879,-3767,-4112
-5467,-2229,-3238
4644,2604,2040
2041,3312,-1271
6348,4693,1655
7716,4177,3539
-840,3949,-4789
-1265,3186,-4451
355,-3001,3356
-1822,-3555,1733
-4093,-4116,23
6555,3262,3293
1569,-1573,3142
-1450,-2396,946
4034,1365,2669
-2950,-248,-2702
-1230,-4686,3456
7873,3939,3934
2736,4782,-2046
3000,1000,2000
7155,2906,4249
-7182,-4982,-2200
-937,6,-943
-458,546,-1004
4341,2595,1746
6921,4592,2329
-307,-2723,2416
-8165,-3525,-4640
-6061,-1159,-4902
-4561,-2012,-2549
-4147,-994,-3153
1767,4320,-2553
-5270,-3400,-1870
-1338,-2615,1277
234,3612,-3378
-754,160,-914
-2719,-809,-1910
1257,3575,-2318
-3985,-2099,-1886
-2436,234,-2670
-4470,-1054,-3416
3710,-197,3907
-1100,-3706,2606
-362,-4333,3971
-1602,-362,-1240
-4876,-783,-4093
-2547,-2266,-281
4158,877,3281
7817,3400,4417
364,-4596,4960
-4947,-1133,-3814
1347,-1641,2988
233,-177,410
-547,-1024,477
2409,-780,3189
2085,-1695,3780
9310,4994,4316
-2470,-1357,-1113
253,-4740,4993
5514,1492,4022
-3104,-3444,340
307,2983,-2676
-7708,-3996,-3712
-2653,1390,-4043
-2482,824,-3306
2904,-1127,4031
968,1671,-703
-6748,-2149,-4599
1404,4113,-2709
-716,2422,-3138
3695,4128,-433
3055,-1233,4288
2696,2117,579
-3801,15,-3816
-2054,-2208,154
1343,-2466,3809
3127,-528,3655
901,-3572,4473
1952,1467,485
4413,2044,2369
0,-1526,1526
5858,1987,3871
3831,4340,-509
-1377,253,-1630
2280,2587,-307
4824,3460,1364
-5904,-2017,-3887
3097,2305,792
4808,171,4637
9340,4392,4948
-6108,-4914,-1194
4426,2006,2420
-3897,-1315,-2582
-65,-1071,1006
428,-1924,2352
683,2600,-1917
3153,1294,1859
8633,4693,3940
-6778,-1813,-4965
-2439,1715,-4154
6818,2278,4540
-4362,-4340,-22
-5375,-2254,-3121
-1013,-432,-581
-2358,-4891,2533
-4613,-3951,-662
-4836,-1885,-2951
553,-4010,4563
-5295,-4882,-413
-308,-478,170
-5410,-1693,-3717
3058,-1005,4063
-5780,-1805,-3975
127,-3124,3251
-6423,-4708,-1715
-8142,-4046,-4096
5891,4359,1532
-4630,-3402,-1228
2490,107,2383
2952,958,1994
-4791,-1519,-3272
4957,3088,1869
-1127,768,-1895
-7672,-3815,-3857
2861,3860,-999
1625,-664,2289
7877,3510,4367
276,40,236
-2981,1641,-4622
5368,3809,1559
6298,3080,3218
-7091,-2246,-4845
313,2376,-2063
2994,2738,256
500,1869,-1369
-1487,-2451,964
-3236,914,-4150
31,-3782,3813
953,937,16
7829,4816,3013
1465,2018,-553
4967,3764,1203
1725,-1172,2897
3002,594,2408
-7337,-4699,-2638
9752,4818,4934
-7343,-2345,-4998
1734,1758,-24
4858,2690,2168
7734,2899,4835
615,-2135,2750
5698,3833,1865
427,-2676,3103
-1047,1642,-2689
-1840,-499,-1341
-2181,-247,-1934
943,-725,1668
-1955,2464,-4419
5253,4667,586
977,1794,-817
-8188,-3429,-4759
4069,2088,1981
4527,-431,4958
4283,4136,147
-3445,-4875,1430
7907,3917,3990
-5,1854,-1859
3788,824,2964
-358,2992,-3350
3320,4980,-1660
758,-3686,4444
3090,3834,-744
-4347,-2387,-1960
3913,1574,2339
6737,2175,4562
2015,-1055,3070
-4902,-3935,-967
-313,962,-1275
1159,542,617
-1404,1295,-2699
-4651,-1741,-2910
-1227,-4613,3386
-2874,-1759,-1115
6326,4104,2222
-826,-4120,3294
-2636,1488,-4124
2120,-193,2313
5079,1657,3422
-4047,-4216,169
4723,352,4371
-2696,-2412,-284
1789,-1220,3009
1580,-834,2414
281,-4254,4535
-7672,-3133,-4539
2802,3045,-243
-954,-4966,4012
846,-244,1090
-2753,-4552,1799
-3284,531,-3815
-775,-388,-387
982,4911,-3929
827,4180,-3353
-283,1680,-1963
1968,-1438,3406
4208,4594,-386
2359,4092,-1733
6328,2745,3583
1500,-2173,3673
2754,2205,549
561,867,-306
-5651,-2942,-2709
-3644,-3975,331
1282,-3704,4986
2103,1791,312
2343,2115,228
-2636,-358,-2278
7369,4845,2524
-1642,484,-2126
-2991,-456,-2535
1841,2822,-981
-3058,-3774,716
-1304,1992,-3296
4464,430,4034
-2603,177,-2780
489,2120,-1631
9476,4966,4510
4917,2740,2177
-6121,-3416,-2705
-6378,-2840,-3538
-4691,-4033,-658
9329,4953,4376
-646,373,-1019
-8417,-3811,-4606
-3057,1646,-4703
1875,-1275,3150
-1805,-1466,-339
1803,1750,53
1089,-986,2075
-4492,-3883,-609
-3929,-2470,-1459
2754,2516,238
2969,4391,-1422
-3191,772,-3963
880,3986,-3106
4877,229,4648
-1145,2534,-3679
-4468,-487,-3981
-7938,-3440,-4498
-6892,-3003,-3889
6305,4265,2040
3283,1264,2019
-610,4257,-4867
4484,2134,2350
1897,3415,-1518
-2575,-1284,-1291
659,1574,-915
-5200,-850,-4350
-2429,-2155,-274
-2434,-1201,-1233
-1104,10,-1114
5059,2460,2599
6515,3408,3107
-4597,-1103,-3494
670,3502,-2832
6932,3966,2966
792,-643,1435
-818,-4419,3601
3732,1965,1767
2506,2655,-149
-5268,-2287,-2981
4847,3211,1636
-2973,-4566,1593
-1090,3077,-4167
-4035,-2277,-1758
-2571,-3047,476
6796,2880,3916
3426,-1471,4897
-1116,841,-1957
-3391,-1823,-1568
6347,4794,1553
-3846,328,-4174
473,-2198,2671
1129,-3638,4767
1902,3631,-1729
3827,4187,-360
-743,-5,-738
2811,4664,-1853
3867,1163,2704
-3532,-2286,-1246
-6439,-3553,-2886
-3066,-3777,711
-7889,-3213,-4676
1888,-813,2701
4800,4925,-125
-5969,-1097,-4872
6635,1999,4636
4609,1956,2653
1298,-2755,4053
1718,-224,1942
-1094,2742,-3836
-2948,-1608,-1340
1669,4235,-2566
6184,3992,2192
1584,234,1350
5704,4710,994
-3393,-2355,-1038
-3445,810,-4255
-7886,-3618,-4268
-813,-4870,4057
-2732,1222,-3954
3850,-1095,4945
-5023,-4771,-252
-3550,-191,-3359
-847,-1773,926
-749,2227,-2976
3862,1856,2006
-3519,611,-4130
-552,-795,243
1457,393,1064
-5604,-4137,-1467
-3688,-4105,417
-634,-4314,3680
6656,2279,4377
-98,4650,-4748
1728,88,1640
4042,1113,2929
1557,-1677,3234
2330,4338,-2008
6752,2863,3889
3943,4913,-970
4705,3327,1378
-524,506,-1030
-1113,2169,-3282
-2240,-222,-2018
-5732,-4691,-1041
-1842,2600,-4442
1786,102,1684
-7968,-3426,-4542
-887,-2282,1395
4115,681,3434
-540,-92,-448
2965,27,2938
-7913,-3373,-4540
-1229,-315,-914
-1978,2622,-4600
-163,4235,-4398
2691,2697,-6
-5972,-3647,-2325
-3047,-1356,-1691
-4050,913,-4963
-7338,-3234,-4104
-505,2039,-2544
-1434,-834,-600
-693,-918,225
61,-181,242
1316,1296,20
4630,3412,1218
-3867,-1296,-2571
-5668,-3176,-2492
4448,3560,888
-2654,-607,-2047
860,-3196,4056
2141,447,1694
-8521,-4349,-4172
-478,-4566,4088
-3689,-4520,831
7872,4993,2879
-897,-3654,2757
-7179,-3187,-3992
-484,4361,-4845
9505,4967,4538
3645,2091,1554
-3558,924,-4482
-6386,-3969,-2417
-1343,2126,-3469
2468,2861,-393
2688,-2159,4847
-3063,-4408,1345
-122,3100,-3222
-3422,-2757,-665
-5098,-3268,-1830
-213,4521,-4734
-475,-2518,2043
-2777,-1826,-951
1067,3657,-2590
533,-908,1441
1499,-2237,3736
479,3198,-2719
838,-2804,3642
-4251,172,-4423
2371,-405,2776
258,-1086,1344
2705,1277,1428
-3374,1597,-4971
3517,4709,-1192
-1971,2927,-4898
2650,928,1722
180,-2957,3137
4161,4491,-330
-1315,-967,-348
4480,347,4133
-2069,-382,-1687
3616,2877,739
-4280,-4934,654
3846,182,3664
-9278,-4401,-4877
5977,3887,2090
5915,3901,2014
-4275,317,-4592
-2013,1360,-3373
5039,4149,890
-4451,-1799,-2652
1879,1584,295
-7407,-3288,-4119
-5091,-1866,-3225
258,-2523,2781
-1898,-904,-994
591,1645,-1054
-3122,1437,-4559
3439,642,2797
-4148,847,-4995
1056,2595,-1539
8395,3804,4591
-2309,1008,-3317
2303,933,1370
-1799,-3635,1836
-455,408,-863
5990,3025,2965
1419,3059,-1640
3955,1223,2732
247,4872,-4625
3878,3049,829
-1754,105,-1859
-559,428,-987
-3008,-4761,1753
-2326,1731,-4057
-928,2785,-3713
-7158,-4073,-3085
7768,3787,3981
6634,2476,4158
276,3618,-3342
1990,-1423,3413
-5845,-3364,-2481
-2000,1403,-3403
-1773,-267,-1506
-2661,-3580,919
1807,4437,-2630
3967,998,2969
-4854,-1011,-3843
1506,612,894
-5380,-964,-4416
1093,-1927,3020
396,2793,-2397
-1164,59,-1223
2370,1381,989
2013,-2451,4464
-5763,-1798,-3965
-2200,-1001,-1199
-2967,-1116,-1851
-2891,1178,-4069
-8974,-4001,-4973
-6212,-2527,-3685
3355,3649,-294
6180,2519,3661
2171,-2697,4868
7721,4310,3411
-4996,-4893,-103
650,564,86
-570,1546,-2116
-489,-867,378
6654,4923,1731
983,4507,-3524
-2456,-1805,-651
-3953,577,-4530
1219,2291,-1072
-458,-2459,2001
1051,76,975
3285,4694,-1409
4418,216,4202
-6354,-1586,-4768
-3224,-1014,-2210
-5722,-3207,-2515
1070,4740,-3670
-4163,264,-4427
-606,-2541,1935
-1035,-1543,508
667,782,-115
4548,260,4288
4210,3682,528
-3097,-991,-2106
-2407,-3234,827
523,4346,-3823
-909,-736,-173
465,4519,-4054
-835,2448,-3283
-3513,-245,-3268
-1518,3369,-4887
2258,-1463,3721
877,-3673,4550
2569,1315,1254
7420,3117,4303
-2671,-3473,802
1951,3250,-1299
2501,1694,807
-7101,-2789,-4312
-102,3141,-3243
-5225,-1935,-3290
8748,3953,4795
5193,1469,3724
3447,1102,2345
7415,4044,3371
414,2002,-1588
-483,-2840,2357
3312,-1390,4702
-8340,-4279,-4061
-8377,-3924,-4453
6157,1502,4655
-5974,-3890,-2084
4836,4236,600
-120,-3084,2964
-2795,-1845,-950
-3014,-4135,1121
3527,961,2566
7285,4335,2950
-221,2971,-3192
-75,-2302,2227
7055,4412,2643
327,-387,714
-294,-4613,4319
-3953,-1183,-2770
2812,-152,2964
1497,-2738,4235
-325,3718,-4043
-6496,-3464,-3032
-254,-4172,3918
-787,-2121,1334
7640,3085,4555
-418,4329,-4747
3190,4286,-1096
-4705,-1847,-2858
-789,-1521,732
1815,3223,-1408
2893,2921,-28
4931,2046,2885
6580,3795,2785
-2858,-2794,-64
5072,4834,238
-2046,-1019,-1027
785,4381,-3596
-1962,-2139,177
-4839,-3724,-1115
-5828,-944,-4884
2664,-1145,3809
-3374,1549,-4923
-1868,509,-2377
3323,-1620,4943
5716,3292,2424
-1966,-189,-1777
-1728,-175,-1553
-777,-3294,2517
1074,-2412,3486
29,2050,-2021
-7685,-4915,-2770
-2368,-1990,-378
-6323,-2110,-4213
-7276,-4681,-2595
-7798,-3003,-4795
-406,-3571,3165
-2314,-3324,1010
2608,-2065,4673
-2180,-4747,2567
6673,2846,3827
-1220,-241,-979
-2000,-913,-1087
7281,4435,2846
-668,-2833,2165
9143,4429,4714
-1445,-4093,2648
1229,-1351,2580
-1342,-4661,3319
-519,2782,-3301
5767,3122,2645
5588,3826,1762
423,4712,-4289
-3351,1312,-4663
4148,-385,4533
1998,1691,307
4068,4834,-766
-1798,1693,-3491
-679,-1061,382
-1984,1601,-3585
-5547,-1960,-3587
-1283,1707,-2990
-8560,-4565,-3995
-7445,-4615,-2830
-7309,-2553,-4756
4160,1524,2636
-4338,-3807,-531
-1452,3214,-4666
2194,993,1201
-4886,-2487,-2399
-7212,-4292,-2920
2561,897,1664
-1185,1990,-3175
-1441,1611,-3052
-18,322,-340
-4651,-905,-3746
20,4654,-4634
4896,14,4882
-3281,-3403,122
-4886,-4201,-685
-2049,-4884,2835
-318,-586,268
353,3971,-3618
6459,2444,4015
-1248,3528,-4776
2709,2369,340
3643,1720,1923
8568,3882,4686
184,133,51
-2134,725,-2859
-6,2137,-2143
-1117,-2797,1680
-393,-2300,1907
-5151,-446,-4705
-3953,-3396,-557
-6023,-2523,-3500
870,3326,-2456
-4170,13,-4183
3414,1864,1550
1879,625,1254
-2172,2022,-4194
-2802,-914,-1888
4836,3263,1573
1410,3820,-2410
-2965,-4838,1873
-6351,-2254,-4097
3215,1396,1819
868,3031,-2163
-1479,3490,-4969
5145,2584,2561
-479,-2187,1708
-428,4391,-4819
-3126,-290,-2836
-7818,-3275,-4543
-3656,-3935,279
-1366,-4766,3400
1204,-625,1829
-3716,-2393,-1323
-4401,-1310,-3091
-250,-1688,1438
-527,-107,-420
2849,257,2592
-4649,-1063,-3586
1565,686,879
748,-2897,3645
8794,4721,4073
-3750,-4793,1043
3948,-806,4754
-1422,-3291,1869
-206,-59,-147
2226,-1884,4110
-1038,-1420,382
-2079,616,-2695
778,2049,-1271
-7809,-4091,-3718
-1958,-4875,2917
4633,3461,1172
-6640,-3254,-3386
-3561,-2189,-1372
5360,4760,600
7916,4199,3717
1856,1507,349
3241,1538,1703
6216,3269,2947
-2777,-4731,1954
387,4733,-4346
2059,3517,-1458
5960,4908,1052
1782,4905,-3123
3184,-1671,4855
-1440,-2303,863
-9314,-4858,-4456
2807,4425,-1618
-4395,-1314,-3081
4198,19,4179
-6363,-3643,-2720
2589,4011,-1422
-1840,476,-2316
7006,2132,4874
6920,2210,4710
-8254,-4355,-3899
2391,3578,-1187
-6730,-3396,-3334
-682,2682,-3364
-1994,-2085,91
479,3756,-3277
-47,-3931,3884
-1894,-4173,2279
-946,-2757,1811
-656,3052,-3708
3970,431,3539
-2947,-2103,-844
-2419,-1663,-756
2349,-762,3111
-4806,-3239,-1567
6072,4481,1591
5474,4719,755
-5158,-3720,-1438
-4845,-3071,-1774
2615,3244,-629
3652,-640,4292
8078,3260,4818
-159,-4285,4126
-174,-1386,1212
5745,819,4926
5175,2871,2304
2928,310,2618
6188,2961,3227
-1885,-2240,355
-371,477,-848
-13,-3895,3882
3879,-525,4404
-968,-754,-214
-6102,-3186,-2916
-219,2196,-2415
1144,-1655,2799
2999,2009,990
3570,420,3150
-891,796,-1687
-7485,-3196,-4289
-2035,-1289,-746
3909,3936,-27
7473,2737,4736
-3994,-3620,-374
-3756,-4707,951
351,2368,-2017
299,-1719,2018
-533,62,-595
-5422,-3044,-2378
318,-539,857
5410,2929,2481
-4870,-209,-4661
-5160,-999,-4161
2176,4187,-2011
-426,1666,-2092
-5481,-3713,-1768
-2297,942,-3239
6459,4169,2290
-393,-3342,2949
3774,62,3712
-360,3584,-3944
-1015,-2507,1492
-5294,-1136,-4158
-4498,421,-4919
-7865,-3098,-4767
5215,971,4244
-713,4258,-4971
8657,4437,4220
5817,1781,4036
5171,3547,1624
-5105,-2035,-3070
-5220,-3818,-1402
-6254,-3077,-3177
7081,3863,3218
-3519,64,-3583
415,-1902,2317
1307,-1703,3010
-4180,-463,-3717
8074,4515,3559
3278,-529,3807
2960,-1116,4076
5489,4785,704
3210,-1495,4705
4876,1820,3056
-4601,-4375,-226
-5097,-1004,-4093
-4170,-1463,-2707
-2011,1803,-3814
1922,-583,2505
-1561,-2256,695
-4672,-937,-3735
-9540,-4782,-4758
3482,381,3101
-1308,1237,-2545
-1450,-3823,2373
-5094,-1855,-3239
-5130,-1452,-3678
-106,4661,-4767
3216,4029,-813
-3941,-3248,-693
-589,-759,170
-2895,-978,-1917
1825,-2222,4047
-1839,85,-1924
4763,2907,1856
-529,-1775,1246
983,1014,-31
-1462,-4829,3367
-3213,-1387,-1826
8872,4216,4656
-308,-4726,4418
-991,-4550,3559
825,-3643,4468
3433,2598,835
2369,-1167,3536
-1028,3681,-4709
-9332,-4827,-4505
-499,-1078,579
-1350,-106,-1244
2750,4947,-2197
-7415,-2620,-4795
1335,-371,1706
60,4904,-4844
1125,1555,-430
-2224,-3357,1133
1765,-1784,3549
514,-4195,4709
-2947,1254,-4201
-2007,819,-2826
-3468,239,-3707
-2813,-3401,588
2248,4838,-2590
7077,2314,4763
-4671,-4836,165
247,3971,-3724
2138,3856,-1718
-7529,-4202,-3327
-229,164,-393
7121,2462,4659
-1039,1945,-2984
-6098,-1484,-4614
-5022,-2179,-2843
3646,1353,2293
3818,3897,-79
-2416,-2566,150
2786,-701,3487
4246,3367,879
-1952,1517,-3469
-1006,1628,-2634
620,-1192,1812
8361,3840,4521
1750,292,1458
-1624,-3309,1685
1607,-3216,4823
4377,664,3713
-1671,-2210,539
537,3808,-3271
-2174,194,-2368
-1097,-3615,2518
-4093,-38,-4055
4720,2144,2576
-1515,1726,-3241
113,-2033,2146
2715,4432,-1717
-6404,-1730,-4674
6673,2803,3870
1775,2479,-704
2865,1612,1253
1167,4888,-3721
-5010,-4533,-477
7910,4648,3262
-4444,96,-4540
2460,1749,711
-2548,-2249,-299
3208,313,2895
-6491,-3708,-2783
4366,198,4168
628,-3610,4238
-847,2569,-3416
-2890,202,-3092
-1939,-3257,1318
-1949,1837,-3786
7371,2894,4477
1654,-2986,4640
1485,-1736,3221
547,-1433,1980
-380,-4047,3667
-3377,-3207,-170
-395,1178,-1573
-323,-2176,1853
-2881,392,-3273
1946,3918,-1972
882,-1215,2097
-208,-3162,2954
-5216,-700,-4516
6069,1302,4767
-2593,-1464,-1129
3922,4228,-306
-5131,-216,-4915
5378,3933,1445
1383,-2025,3408
-8719,-4304,-4415
-608,1548,-2156
4679,3621,1058
3801,3998,-197
-2764,-4789,2025
-2465,-4415,1950
-6927,-2339,-4588
1057,-2737,3794
1955,4165,-2210
-762,-2634,1872
5076,3803,1273
-8430,-4682,-3748
6733,4072,2661
-4477,-1833,-2644
-6638,-1810,-4828
3386,1800,1586
-4397,-788,-3609
-1799,-4273,2474
1793,1362,431
2792,-975,3767
73,2713,-2640
718,1593,-875
-1376,3227,-4603
-8032,-3252,-4780
2749,3775,-1026
-3225,-84,-3141
5259,3155,2104
-2577,-1745,-832
196,-1817,2013
3762,2437,1325
-3750,-2214,-1536
-8189,-4315,-3874
-942,2659,-3601
-563,-1533,970
-4350,-2471,-1879
-1083,-2654,1571
661,221,440
1681,4283,-2602
5522,3333,2189
1466,-1633,3099
3000,-89,3089
9588,4867,4721
773,-3077,3850
2521,2923,-402
962,3683,-2721
-1163,1655,-2818
-2476,194,-2670
-1240,-1005,-235
6714,3018,3696
-5564,-3723,-1841
-1393,-2067,674
-343,4175,-4518
-2651,-4437,1786
8271,4369,3902
6493,4215,2278
-2380,2018,-4398
5505,4082,1423
-2432,239,-2671
-5798,-4035,-1763
-7900,-4658,-3242
436,2507,-2071
-412,855,-1267
4100,-865,4965
-124,820,-944
596,952,-356
-4565,-4158,-407
2948,987,1961
-1513,-893,-620
7324,3086,4238
-516,1210,-1726
8399,4685,3714
6067,3723,2344
2022,3470,-1448
6195,4338,1857
401,-3848,4249
2923,1411,1512
6148,3526,2622
-1579,-1482,-97
6470,2007,4463
-188,-2729,2541
-8115,-4820,-3295
8774,3973,4801
-4123,770,-4893
3375,-143,3518
446,3639,-3193
2939,-270,3209
-269,-1461,1192
614,-2573,3187
-5504,-3657,-1847
-3489,-3915,426
-8454,-3958,-4496
-3479,-3079,-400
9115,4742,4373
800,4001,-3201
-3250,-658,-2592
4079,3899,180
642,-1261,1903
3862,4296,-434
2363,3402,-1039
879,2732,-1853
-2960,-3366,406
4217,2699,1518
-208,-2853,2645
6446,2133,4313
1731,-767,2498
7829,3201,4628
2289,4685,-2396
3881,3040,841
-2766,-853,-1913
-307,-164,-143
-2394,-1596,-798
3214,4178,-964
6491,4370,2121
-3745,-1647,-2098
-1352,191,-1543
4378,4499,-121
-821,-3564,2743
583,4445,-3862
6730,2178,4552
2475,641,1834
-765,-3836,3071
-5390,-1680,-3710
-1502,3128,-4630
2727,2885,-158
1397,-2755,4152
-6349,-3450,-2899
2634,1110,1524
6514,1856,4658
3188,1490,1698
-4026,-778,-3248
-4241,-3582,-659
-6118,-2952,-3166
389,2359,-1970
1073,4281,-3208
5444,3231,2213
-2703,-76,-2627
-993,-1793,800
-867,-130,-737
-4922,-4410,-512
3902,1511,2391
-986,1765,-2751
-1985,1215,-3200
-4370,37,-4407
-410,3089,-3499
5138,4672,466
3998,3598,400
-4287,-2196,-2091
-3151,-4202,1051
-626,2851,-3477
4715,3861,854
-2748,1892,-4640
1934,1372,562
-1640,-1914,274
-5204,-963,-4241
-1130,597,-1727
-4322,-3340,-982
6306,2779,3527
-4659,-2709,-1950
-2153,2539,-4692
-4933,-3934,-999
-340,-1866,1526
2929,-281,3210
-2737,-4247,1510
-510,-2581,2071
5348,3955,1393
-5934,-1873,-4061
-3899,-1405,-2494
-9461,-4716,-4745
-5733,-1149,-4584
-433,-4203,3770
-1193,1633,-2826
3074,3361,-287
3151,-1503,4654
2872,947,1925
1747,-2249,3996
-6546,-4579,-1967
2753,-1880,4633
-2831,-943,-1888
5585,902,4683
6069,4166,1903
-1638,-4493,2855
-3162,-3008,-154
6033,2917,3116
4415,714,3701
-3481,-4538,1057
-1264,1913,-3177
-213,-3353,3140
-7494,-2760,-4734
-3444,-161,-3283
1245,-2043,3288
-9633,-4681,-4952
-5977,-4527,-1450
1544,-421,1965
-1299,-1497,198
3812,1241,2571
-5840,-4983,-857
-1022,-126,-896
655,342,313
-4380,7,-4387
-1111,-2127,1016
3809,2630,1179
-3616,-3441,-175
4488,1509,2979
-167,4754,-4921
-5101,-2128,-2973
4066,3145,921
2133,2313,-180
1285,-2739,4024
-3385,750,-4135
717,-1099,1816
37,-4465,4502
6798,4825,1973
1855,2298,-443
-6523,-3209,-3314
-4487,-2748,-1739
424,-2527,2951
4874,2739,2135
2620,695,1925
1526,-709,2235
-5073,-4110,-963
5738,4108,1630
-6034,-4335,-1699
1855,-1538,3393
5065,4433,632
4133,1374,2759
4745,2958,1787
-5198,-4511,-687
-1795,-3635,1840
-1973,-3115,1142
-3672,715,-4387
-2085,-2349,264
-1062,242,-1304
4877,2303,2574
-445,-3224,2779
-6983,-2889,-4094
1308,2725,-1417
-517,4254,-4771
-6357,-4916,-1441
1343,829,514
-5107,-3076,-2031
4953,2670,2283
-6134,-4804,-1330
2811,93,2718
-2158,2347,-4505
4725,2473,2252
1296,-1421,2717
-1213,-1187,-26
8040,4396,3644
-2593,152,-2745
3752,2570,1182
124,-3354,3478
399,2997,-2598
-2152,-4990,2838
-2685,-1601,-1084
6036,1888,4148
2172,519,1653
3391,2985,406
-2740,-3783,1043
9118,4476,4642
-6555,-4611,-1944
3427,4623,-1196
-2639,307,-2946
-7689,-3408,-4281
97,-3352,3449
8031,4607,3424
-3797,644,-4441
2266,-1732,3998
8764,4936,3828
5202,3495,1707
1110,-940,2050
-1329,-643,-686
-1861,-4276,2415
-479,-2009,1530
8468,4299,4169
-280,2780,-3060
-1220,-1850,630
-1687,-594,-1093
-4569,-3271,-1298
2959,4015,-1056
-2050,-4669,2619
-8486,-3710,-4776
-2106,-3729,1623
-6574,-2232,-4342
-2731,-4123,1392
-3604,-2564,-1040
-171,2817,-2988
4668,2050,2618
-2269,1061,-3330
-312,4078,-4390
2995,2113,882
3484,4752,-1268
6540,3532,3008
-1149,2373,-3522
3965,2633,1332
2123,864,1259
6812,4025,2787
6673,3536,3137
1333,-2874,4207
862,1975,-1113
-7609,-4395,-3214
2248,-1066,3314
5779,3062,2717
3743,-655,4398
1799,4156,-2357
-2714,-2641,-73
-5888,-2804,-3084
2892,-1455,4347
637,-738,1375
-2095,-4360,2265
7716,3944,3772
3367,1338,2029
908,3407,-2499
-9169,-4852,-4317
-4108,-685,-3423
-1382,-290,-1092
-7925,-4160,-3765
-7121,-3426,-3695
-927,2141,-3068
2151,3957,-1806
1562,-2601,4163
5429,510,4919
8492,4748,3744
-199,2439,-2638
1581,2483,-902
-6914,-3326,-3588
-683,-4402,3719
-1786,-2431,645
2467,2825,-358
-953,-2495,1542
-25,-519,494
1261,2451,-1190
2897,4990,-2093
1483,192,1291
-1213,-4032,2819
-6794,-3074,-3720
-61,-4722,4661
-2540,1171,-3711
-3495,-3992,497
1025,3168,-2143
4296,-124,4420
4685,4481,204
3571,3447,124
-2471,-4629,2158
9012,4842,4170
4531,2662,1869
5395,4330,1065
1900,3307,-1407
-425,-2717,2292
-8419,-4222,-4197
1044,105,939
1415,4833,-3418
1198,32,1166
2272,-712,2984
2462,2196,266
-418,2353,-2771
4380,3591,789
4717,195,4522
5133,4432,701
-782,2636,-3418
4496,1425,3071
4131,1005,3126
2185,-1571,3756
-8397,-3677,-4720
405,-4026,4431
-2805,694,-3499
7457,4127,3330
-2018,2559,-4577
7812,3069,4743
9124,4501,4623
-1727,-352,-1375
4207,2114,2093
-6135,-2898,-3237
1355,-283,1638
6159,1494,4665
4928,2223,2705
-2704,-412,-2292
-19,-2926,2907
-4122,-4439,317
365,226,139
-3224,-4337,1113
1486,1424,62
-2128,875,-3003
269,-2110,2379
4028,1436,2592
555,2695,-2140
55,2663,-2608
-2575,-4602,2027
-6317,-2421,-3896
7144,3326,3818
2114,-600,2714
1547,-1297,2844
-2704,-519,-2185
-1270,-1567,297
4866,1680,3186
1392,-2626,4018
-4205,-2754,-1451
8065,4659,3406
3054,1492,1562
1364,-1264,2628
367,2022,-1655
1863,139,1724
-2013,-743,-1270
-3076,-2745,-331
2184,-1213,3397
4034,4471,-437
1896,4101,-2205
-1666,3065,-4731
-5375,-4191,-1184
-2043,-2946,903
2064,1797,267
5703,3915,1788
-881,-1862,981
-1015,-2109,1094
2025,1826,199
3735,-451,4186
4639,1735,2904
1541,1224,317
1036,4891,-3855
-3048,1446,-4494
-99,889,-988
-2325,809,-3134
6783,2070,4713
1984,3339,-1355
-6299,-1533,-4766
648,-76,724
-1577,-1287,-290
2271,-710,2981
4929,1542,3387
-4605,-3910,-695
4634,1921,2713
-8000,-3091,-4909
-5415,-4715,-700
-2541,681,-3222
-2817,-4921,2104
-2562,-653,-1909
-1311,3317,-4628
3988,1125,2863
-1918,2333,-4251
-4100,412,-4512
-6286,-4784,-1502
-4190,-2578,-1612
3942,3348,594
652,630,22
4182,4480,-298
3235,3308,-73
5447,2016,3431
1028,-2102,3130
196,4144,-3948
-377,-4403,4026
4339,2431,1908
949,3338,-2389
-8348,-4893,-3455
6147,1312,4835
6493,4087,2406
-244,2620,-2864
935,-1965,2900
5801,2635,3166
-2228,-495,-1733
2460,1340,1120
3331,1671,1660
-6286,-1403,-4883
-3282,3,-3285
4495,1671,2824
-6688,-4523,-2165
5490,1380,4110
-4295,689,-4984
-2222,-4765,2543
-4032,568,-4600
-1971,2925,-4896
3902,107,3795
-595,-3365,2770
-8533,-4591,-3942
1848,-347,2195
1518,4328,-2810
6514,2107,4407
1573,-2907,4480
4199,4973,-774
-2930,-345,-2585
-4874,-873,-4001
2995,115,2880
4924,3789,1135
2175,4474,-2299
-1194,-3591,2397
-190,1909,-2099
3500,4375,-875
-887,24,-911
535,-4193,4728
721,4478,-3757
-2764,-3039,275
1862,964,898
-428,525,-953
-9114,-4671,-4443
-8068,-3936,-4132
1766,1802,-36
3901,2888,1013
1817,4690,-2873
-3819,-3090,-729
-2414,1626,-4040
-1189,-4349,3160
591,310,281
5955,2684,3271
-6206,-3664,-2542
-4899,-4801,-98
-1827,-861,-966
-6731,-4970,-1761
3867,4649,-782
3964,2248,1716
1390,1039,351
-1975,-211,-1764
1205,3565,-2360
-6315,-3478,-2837
-389,1939,-2328
599,3283,-2684
9604,4751,4853
1187,-3813,5000
2041,4925,-2884
715,4451,-3736
-5622,-1869,-3753
-4445,-3310,-1135
-8610,-4599,-4011
1291,-1446,2737
5622,3336,2286
398,-4070,4468
-5886,-1822,-4064
1403,3662,-2259
-2551,-4640,2089
7013,3161,3852
-5471,-4908,-563
-4233,-2553,-1680
5907,1279,4628
782,-1859,2641
-562,3840,-4402
-5888,-1204,-4684
-1051,2340,-3391
-3585,-3188,-397
4884,1813,3071
-803,-3317,2514
261,2438,-2177
7714,3928,3786
-2407,-1835,-572
401,3120,-2719
-1865,-448,-1417
-2352,989,-3341
-1130,224,-1354
3913,478,3435
6229,2594,3635
6055,2720,3335
2934,-1802,4736
683,497,186
-5232,-3226,-2006
-7181,-2686,-4495
5362,3682,1680
3401,-425,3826
2335,703,1632
454,-1878,2332
2805,4369,-1564
-2192,-593,-1599
-1475,-2339,864
2260,-1664,3924
5595,680,4915
-1913,-3309,1396
-1143,-588,-555
3344,1426,1918
8468,4045,4423
-2363,-260,-2103
5129,4932,197
-1674,-1378,-296
454,4572,-4118
8027,4799,3228
-6120,-3418,-2702
-5225,-1908,-3317
-2382,-2783,401
8849,4125,4724
906,1561,-655
8270,3935,4335
-2067,2522,-4589
2094,929,1165
1127,4896,-3769
6325,3745,2580
2667,1979,688
-1231,-2172,941
-3244,-665,-2579
6921,2519,4402
-388,3575,-3963
7238,4335,2903
-4059,-2209,-1850
5007,1901,3106
-6074,-3493,-2581
-19,-3337,3318
-3654,-3043,-611
-2703,-4963,2260
3583,4650,-1067
3789,2429,1360
4614,7,4607
-4448,-2973,-1475
2691,1791,900
-7469,-3167,-4302
-5897,-1597,-4300
-5292,-4002,-1290
-322,3410,-3732
5466,3766,1700
-448,-279,-169
-3329,-4216,887
7698,4726,2972
-4463,-3861,-602
3433,3809,-376
-5183,-3001,-2182
-4823,-3546,-1277
5907,2536,3371
-8797,-4624,-4173
2799,3813,-1014
-1031,-4149,3118
-1221,-4601,3380
-5876,-3267,-2609
2049,1514,535
-7644,-4338,-3306
-866,-2077,1211
-3151,-4867,1716
1479,-994,2473
2716,-1175,3891
2294,3058,-764
6825,3522,3303
4650,4810,-160
-3682,-3595,-87
-2925,-3446,521
-8092,-4294,-3798
-774,332,-1106
-693,-4391,3698
-1554,1124,-2678
-1691,-4178,2487
1058,4174,-3116
-556,-2160,1604
-1798,1128,-2926
2903,4748,-1845
2408,4494,-2086
-4711,-4018,-693
5178,2984,2194
5369,2611,2758
2504,2466,38
-2739,-3753,1014
5949,2416,3533
2481,4895,-2414
660,4614,-3954
-2216,2486,-4702
3540,3669,-129
1981,1300,681
-4390,191,-4581
-2624,-338,-2286
2105,-412,2517
-691,-709,18
-762,-4849,4087
-1263,861,-2124
6408,2177,4231
-911,1055,-1966
-5937,-3637,-2300
2995,3232,-237
8704,3808,4896
-2925,-1991,-934
-5250,-2259,-2991
-2595,122,-2717
-5029,-228,-4801
-2075,-218,-1857
-3264,-1933,-1331
-4408,-3698,-710
5620,2756,2864
-243,-3093,2850
5533,558,4975
-6908,-2397,-4511
2456,-236,2692
-938,2714,-3652
876,-3483,4359
2995,3653,-658
8788,3928,4860
4022,-854,4876
1632,-2678,4310
-5746,-3043,-2703
7685,4300,3385
-3234,1478,-4712
-4339,-2977,-1362
-45,-2879,2834
3723,497,3226
-4443,-4617,174
7594,4800,2794
1937,1371,566
-599,-4537,3938
-1373,-4508,3135
1664,-746,2410
1025,-3689,4714
-1234,-3247,2013
-3797,-183,-3614
676,455,221
-5040,-559,-4481
158,-3212,3370
-3933,-453,-3480
5790,3453,2337
-4473,-2892,-1581
-372,-3125,2753
-4080,57,-4137
-1246,-2357,1111
5274,4512,762
5811,897,4914
-4627,-1672,-2955
-618,-3646,3028
-6664,-3374,-3290
256,246,10
-5648,-1467,-4181
-1209,2493,-3702
-8277,-4896,-3381
1362,4367,-3005
-2826,-4811,1985
-1649,2094,-3743
-3847,-1151,-2696
-2408,-343,-2065
-108,1470,-1578
-2498,-1140,-1358
2945,4329,-1384
-7615,-3069,-4546
5012,3051,1961
-5610,-1614,-3996
-3969,-3785,-184
-5327,-3230,-2097
6345,4296,2049
-4843,-2307,-2536
-350,-4371,4021
1253,-2621,3874
-446,65,-511
1042,-378,1420
5683,4726,957
-1704,871,-2575
6445,4425,2020
-3777,-500,-3277
3184,512,2672
8550,4008,4542
-1093,3043,-4136
4365,818,3547
-640,-2718,2078
-1384,-4040,2656
3144,2186,958
-5950,-3433,-2517
-997,3851,-4848
-5211,-4141,-1070
2499,-573,3072
-7586,-3786,-3800
2664,4711,-2047
-2241,1003,-3244
-3763,-4751,988
1673,352,1321
9336,4528,4808
-5309,-420,-4889
-3908,-4246,338
-189,-1277,1088
-2294,-1693,-601
7300,2977,4323
-6059,-1304,-4755
3671,3228,443
-1969,-433,-1536
-5041,-4114,-927
247,3285,-3038
-1784,-1781,-3
1343,630,713
-7511,-2804,-4707
6783,2563,4220
373,-2058,2431
-3784,-1241,-2543
-82,661,-743
4656,3341,1315
-4001,-2602,-1399
-1784,-811,-973
148,-837,985
-6077,-3582,-2495
4737,3882,855
923,2429,-1506
-6289,-4139,-2150
466,-4446,4912
4217,4508,-291
6746,2048,4698
5724,4557,1167
3778,2361,1417
3468,561,2907
608,181,427
-1020,912,-1932
-7637,-4712,-2925
2369,1368,1001
4177,341,3836
3958,232,3726
-295,-1675,1380
-1661,-314,-1347
6363,2324,4039
5393,552,4841
-2165,-2954,789
-2095,1593,-3688
1942,-2147,4089
-4821,-4320,-501
5574,1633,3941
-2799,97,-2896
-3867,32,-3899
657,1271,-614
-947,-4122,3175
1916,4155,-2239
7391,3300,4091
3700,-1293,4993
3395,4005,-610
-1373,2753,-4126
-1836,1460,-3296
3213,868,2345
2264,4141,-1877
-2359,-3074,715
16,4878,-4862
5446,1329,4117
-2248,-1793,-455
-4084,-1119,-2965
-2615,-4065,1450
4757,3430,1327
-468,3516,-3984
-3357,1061,-4418
-661,-3461,2800
5648,4912,736
-5402,-3292,-2110
-3776,702,-4478
-1252,548,-1800
2836,4411,-1575
4043,-634,4677
-1712,-4344,2632
-5015,-4791,-224
2129,3565,-1436
2921,-371,3292
-6622,-2736,-3886
-1467,461,-1928
3399,3801,-402
1546,4588,-3042
82,-394,476
-4070,-1574,-2496
331,-359,690
1349,-1981,3330
-5702,-1655,-4047
4625,4888,-263
144,688,-544
6372,3617,2755
-165,2156,-2321
-3612,-1325,-2287
-3937,-2442,-1495
2238,-726,2964
-2585,1957,-4542
-605,-1831,1226
-6835,-4187,-2648
-450,-1237,787
583,1369,-786
-1556,921,-2477
-1292,1594,-2886
1776,-16,1792
4015,1762,2253
1361,3552,-2191
1086,-889,1975
-945,-3449,2504
332,1888,-1556
-6812,-4081,-2731
-948,-1566,618
2897,3388,-491
447,1403,-956
-2022,-2849,827
1497,-1446,2943
-1244,-2005,761
-3049,-3974,925
-4426,-4184,-242
-2745,-2778,33
196,4659,-4463
-903,727,-1630
8488,4711,3777
-6153,-4818,-1335
-4815,-984,-3831
4925,194,4731
9325,4363,4962
3450,2686,764
-2393,-893,-1500
-4454,-2016,-2438
-3009,-1734,-1275
3293,809,2484
6214,2091,4123
-1624,-1184,-440
868,-1786,2654
1637,2846,-1209
1650,2656,-1006
523,-2201,2724
4326,3960,366
-3951,-1303,-2648
-451,2401,-2852
8493,4068,4425
-1308,1345,-2653
-4269,-3134,-1135
-6194,-1246,-4948
2891,2485,406
599,3066,-2467
-851,16,-867
8251,3701,4550
3689,2542,1147
-7024,-2050,-4974
228,-4432,4660
-545,538,-1083
1072,-3270,4342
2706,2114,592
4196,91,4105
1815,-3143,4958
5051,4083,968
-5728,-1402,-4326
-2640,-3488,848
-3614,-4530,916
-4544,-3111,-1433
-6014,-3137,-2877
-6768,-3173,-3595
-1918,-2125,207
-3592,-4380,788
9350,4658,4692
-4238,-1638,-2600
-500,-4662,4162
-4450,37,-4487
-6362,-4475,-1887
-3834,-1768,-2066
4064,4115,-51
2754,1886,868
905,4050,-3145
6243,3568,2675
4790,4498,292
-1760,-1025,-735
-1428,1904,-3332
-1347,-1731,384
-4757,-4555,-202
4759,3771,988
141,-3676,3817
-4704,-1689,-3015
-2593,422,-3015
-1584,926,-2510
859,-2432,3291
-2705,-4696,1991
-4020,-4523,503
-1867,610,-2477
-2630,1406,-4036
8318,3508,4810
4043,1076,2967
-6119,-3043,-3076
-809,-487,-322
-2554,2134,-4688
2775,2297,478
-3006,-415,-2591
-3914,-4370,456
-7731,-4871,-2860
659,930,-271
-4860,-27,-4833
3355,4153,-798
-8134,-3211,-4923
1795,-1574,3369
-1831,-3921,2090
-6815,-4455,-2360
-6333,-2944,-3389
2706,-1070,3776
5624,2821,2803
-4242,-4215,-27
3285,-1379,4664
-5556,-3748,-1808
-7818,-3549,-4269
239,-3874,4113
1443,2154,-711
-5586,-2762,-2824
-9027,-4380,-4647
-939,-1112,173
1564,1802,-238
-3190,946,-4136
-4060,-3310,-750
-7694,-4607,-3087
-1420,2392,-3812
-5978,-3286,-2692
688,1959,-1271
1774,560,1214
-6268,-2439,-3829
-3962,-1487,-2475
-555,1341,-1896
-5204,-2673,-2531
1949,2581,-632
-3166,-2118,-1048
3455,939,2516
-912,1729,-2641
3517,-306,3823
739,4381,-3642
8303,3448,4855
-2389,-3771,1382
6918,4322,2596
-8104,-3199,-4905
6152,2148,4004
195,-880,1075
-1397,-1978,581
6437,3018,3419
1325,-3432,4757
7363,3334,4029
-3691,-2988,-703
-4973,-3362,-1611
-4673,-4501,-172
547,-1691,2238
4979,861,4118
-1835,449,-2284
-4212,576,-4788
-99,4040,-4139
-3146,-1404,-1742
-1528,-4174,2646
823,648,175
-3213,-3410,197
-4801,-3201,-1600
-2282,2595,-4877
-2020,1958,-3978
-3875,-414,-3461
5433,3319,2114
6220,4208,2012
-3029,-2432,-597
225,704,-479
6472,4426,2046
-868,33,-901
-7340,-3752,-3588
-5166,-509,-4657
5163,552,4611
912,-1751,2663
-6531,-1551,-4980
-4277,-2267,-2010
6829,4905,1924
2433,-170,2603
1624,-2223,3847
-1212,-938,-274
2436,-2500,4936
-6789,-4851,-1938
-1272,-3219,1947
-3621,-2946,-675
-5006,-2503,-2503
-2327,1914,-4241
-2358,-4566,2208
-4767,-3235,-1532
-2464,-2708,244
-883,2023,-2906
-462,2688,-3150
-2739,-1842,-897
3885,2014,1871
-7132,-4680,-2452
-4820,-1095,-3725
2938,2835,103
-3905,698,-4603
-2192,-2312,120
-5776,-3979,-1797
4064,778,3286
-5333,-4576,-757
1961,1430,531
1942,2099,-157
275,-3481,3756
4861,3569,1292
-2374,-683,-1691
1800,4055,-2255
3999,-581,4580
-1662,2521,-4183
-1940,1437,-3377
5441,633,4808
-1961,1508,-3469
4813,4479,334
1483,4651,-3168
-4483,-3513,-970
3980,4071,-91
5799,953,4846
8573,4730,3843
-2534,-4558,2024
466,-1630,2096
3208,908,2300
688,14,674
2438,1016,1422
-4399,-3832,-567
4218,2665,1553
5567,2589,2978
-1121,3188,-4309
1411,-1248,2659
4601,3325,1276
-4750,-3863,-887
-1437,-2292,855
7101,3909,3192
-2993,1535,-4528
6337,3947,2390
-4503,-761,-3742
1968,2287,-319
-5789,-2964,-2825
-1884,3064,-4948
1406,3477,-2071
3722,-782,4504
1893,4186,-2293
-3174,309,-3483
1982,873,1109
-675,-2866,2191
1238,-568,1806
-6922,-3628,-3294
3614,-973,4587
4634,3629,1005
-1792,-89,-1703
2785,-664,3449
-9404,-4503,-4901
-5033,-1102,-3931
-5464,-4307,-1157
-5857,-2314,-3543
2927,1305,1622
-2889,1424,-4313
-5620,-1286,-4334
5806,1081,4725
2051,1446,605
-5709,-848,-4861
-466,-3354,2888
-3883,-2417,-1466
1401,-2470,3871
4502,2103,2399
4807,654,4153
1536,1095,441
7451,3608,3843
2287,147,2140
1652,4455,-2803
7875,4965,2910
3510,3889,-379
-6401,-3287,-3114
-921,-4931,4010
1307,-281,1588
4330,2670,1660
2164,3918,-1754
2026,-1443,3469
1354,-55,1409
-5293,-4421,-872
9278,4541,4737
4370,1779,2591
-2672,-915,-1757
4520,3416,1104
-9021,-4142,-4879
-592,-3368,2776
-2223,-2512,289
-217,2993,-3210
-8033,-4960,-3073
-1582,-2503,921
5954,4472,1482
5381,1694,3687
5918,3793,2125
3550,4171,-621
-688,-967,279
2047,1178,869
8029,3641,4388
-3645,-2064,-1581
4612,3860,752
-8536,-4569,-3967
-5267,-4849,-418
5303,1589,3714
3982,542,3440
-3163,-2722,-441
-1402,1208,-2610
-8832,-4158,-4674
3057,726,2331
2228,-1732,3960
3600,17,3583
655,3491,-2836
6409,1672,4737
-5086,-1399,-3687
1172,3950,-2778
3368,3160,208
-116,-2269,2153
3658,821,2837
-1840,-3315,1475
-441,-2474,2033
-8395,-4665,-3730
1353,-2406,3759
3134,2394,740
-2307,1628,-3935
-8844,-4411,-4433
5761,2020,3741
7030,2737,4293
-9024,-4418,-4606
-2737,1816,-4553
-3918,-1638,-2280
-7924,-3071,-4853
724,-884,1608
-1546,2614,-4160
4269,829,3440
1038,3295,-2257
1797,3528,-1731
-1977,566,-2543
3871,-735,4606
-359,-3362,3003
-4229,-2204,-2025
4311,3472,839
1888,1456,432
1023,1582,-559
-817,1412,-2229
2068,510,1558
-9527,-4849,-4678
7769,3545,4224
-299,-2121,1822
-6507,-2819,-3688
315,1984,-1669
-8101,-3240,-4861
-2271,-55,-2216
-6202,-3252,-2950
88,-4186,4274
-1889,-972,-917
-7155,-2483,-4672
4363,1451,2912
-6686,-4195,-2491
-3243,-2441,-802
-5818,-3987,-1831
3390,-500,3890
-4724,-1781,-2943
-3749,-3928,179
1909,-1209,3118
-2291,-3191,900
-3924,745,-4669
7184,4935,2249
4071,4129,-58
1242,830,412
-2353,573,-2926
5565,4983,582
2373,2420,-47
-5091,-2962,-2129
1428,-114,1542
266,-14,280
2388,953,1435
-2376,583,-2959
3030,1604,1426
-6354,-3860,-2494
-6481,-1848,-4633
-2530,-2633,103
232,1539,-1307
-6177,-2850,-3327
1210,-1551,2761
-93,4725,-4818
-430,-3061,2631
1680,813,867
3089,2739,350
-4269,111,-4380
-1913,-3723,1810
1523,257,1266
4822,2712,2110
1487,-669,2156
2022,-2393,4415
5572,3939,1633
661,4771,-4110
2424,1385,1039
-2380,-1435,-945
402,-860,1262
1506,-286,1792
-3161,1024,-4185
522,4768,-4246
-970,-2580,1610
-4622,-865,-3757
-6040,-2907,-3133
1178,1619,-441
-833,2704,-3537
2569,1987,582
-5846,-4075,-1771
5110,4096,1014
-874,-4380,3506
1907,241,1666
-4426,566,-4992
-1292,-3133,1841
-18,2894,-2912
-4105,-2595,-1510
868,-3463,4331
4515,887,3628
5734,2433,3301
6195,4278,1917
2935,2356,579
-7643,-4436,-3207
-258,-4076,3818
3867,3565,302
-3895,229,-4124
576,2122,-1546
-7575,-3357,-4218
1158,1153,5
-4617,-1771,-2846
-5321,-1909,-3412
5848,1121,4727
-6084,-3705,-2379
2383,-2553,4936
992,-2926,3918
-600,-1687,1087
7081,4638,2443
1046,-432,1478
3054,4818,-1764
-4576,-3401,-1175
4341,176,4165
-768,899,-1667
-7661,-3893,-3768
793,-3905,4698
-4463,-3869,-594
750,-345,1095
1764,-1977,3741
-4345,-1979,-2366
3432,2887,545
-1689,65,-1754
4984,4447,537
4601,3458,1143
2875,-446,3321
1701,-591,2292
-5021,-2459,-2562
-3701,-3673,-28
-831,-264,-567
3035,2908,127
-2548,2407,-4955
-4449,333,-4782
-3491,1209,-4700
5756,3880,1876
866,4315,-3449
-4388,-2545,-1843
-3562,465,-4027
-872,1585,-2457
-724,4214,-4938
8926,4032,4894
-4320,-1617,-2703
1660,3946,-2286
-5832,-2209,-3623
2388,-1909,4297
5089,466,4623
1637,-245,1882
2310,3868,-1558
6531,3788,2743
2795,1605,1190
-1686,1660,-3346
-1598,-3275,1677
6736,1822,4914
2602,1640,962
-6703,-2601,-4102
-5109,-912,-4197
8453,4129,4324
-2244,-3859,1615
-2268,2722,-4990
-7063,-4513,-2550
1749,1580,169
2052,-498,2550
-2931,578,-3509
8827,4665,4162
-7627,-3191,-4436
1884,-2145,4029
-1700,-126,-1574
-8785,-4221,-4564
-812,-4424,3612
-6144,-3926,-2218
-6914,-3414,-3500
3680,782,2898
-6600,-3827,-2773
2676,401,2275
-1792,-3004,1212
4771,2981,1790
-7470,-2608,-4862
-2997,-2883,-114
3760,-598,4358
2603,-813,3416
3189,4773,-1584
6577,4382,2195
-2612,140,-2752
529,1495,-966
-3990,-778,-3212
-918,-3657,2739
-5607,-706,-4901
-1236,2471,-3707
-8833,-3862,-4971
1625,890,735
3995,821,3174
-4407,-3825,-582
-1415,2270,-3685
-4468,291,-4759
-1261,-1403,142
-8023,-4354,-3669
-1469,-1329,-140
1532,1414,118
1393,4008,-2615
-5780,-4493,-1287
-1740,2193,-3933
-2943,-3249,306
-4599,-4146,-453
610,-1474,2084
493,1291,-798
7494,2551,4943
-1019,-2708,1689
-8023,-4290,-3733
1538,3287,-1749
-7336,-4331,-3005
1957,4531,-2574
138,-167,305
2591,4662,-2071
-5845,-2163,-3682
5695,2274,3421
903,1791,-888
-2799,-3725,926
57,2744,-2687
-4765,-2481,-2284
-5726,-1927,-3799
-979,-2693,1714
2315,-1401,3716
-2990,-4023,1033
1936,-2171,4107
5318,1832,3486
441,2097,-1656
-7083,-4908,-2175
-4577,-2702,-1875
966,1585,-619
2699,3297,-598
5844,2596,3248
3405,-664,4069
982,-1702,2684
-3920,590,-4510
233,3877,-3644
-4893,-79,-4814
2258,-1133,3391
4435,2485,1950
7860,4520,3340
5944,1172,4772
3507,2820,687
-2174,771,-2945
-9269,-4722,-4547
-5236,-3429,-1807
-2018,-513,-1505
808,4923,-4115
-5804,-2638,-3166
-7444,-4865,-2579
2273,2379,-106
-2943,-1798,-1145
482,2888,-2406
-5386,-2508,-2878
-2698,-515,-2183
-2039,1612,-3651
5003,716,4287
-6236,-1499,-4737
2848,1311,1537
-2478,-4865,2387
1619,2589,-970
-464,-2079,1615
-510,1343,-1853
4035,4194,-159
-3787,1109,-4896
373,2076,-1703
-5270,-508,-4762
135,-60,195
6049,1847,4202
1836,2959,-1123
8912,4076,4836
-458,443,-901
-4030,-4201,171
1774,3636,-1862
-70,-1716,1646
2216,-1824,4040
4294,4036,258
5651,3159,2492
-2688,-4433,1745
667,-2260,2927
-2706,2277,-4983
531,4821,-4290
-4029,681,-4710
-20,-4095,4075
3635,3420,215
4656,3839,817
-3602,363,-3965
416,3024,-2608
671,-813,1484
1661,-3160,4821
-3388,366,-3754
118,604,-486
-125,-1504,1379
-3076,-3373,297
-7009,-3062,-3947
-4274,-2016,-2258
-7397,-4634,-2763
7419,2496,4923
3621,-323,3944
7750,3155,4595
-5916,-2312,-3604
102,-3242,3344
-896,3637,-4533
1272,218,1054
2663,1886,777
-1043,-1042,-1
-311,-946,635
-3482,-4110,628
-1011,-3960,2949
5725,915,4810
-2646,2146,-4792
6439,3265,3174
1666,1415,251
-6022,-4808,-1214
5704,2059,3645
-4226,-1484,-2742
-6110,-4070,-2040
5495,3716,1779
-6598,-4805,-1793
3501,1406,2095
2135,2098,37
-3211,-800,-2411
-5213,-4892,-321
-2229,576,-2805
-4102,-1292,-2810
-6306,-3948,-2358
-4447,69,-4516
312,-2789,3101
80,-2088,2168
-5340,-4116,-1224
194,-1667,1861
-4749,-3056,-1693
8276,3566,4710
-1325,-3402,2077
402,3714,-3312
4804,2842,1962
-4400,-2064,-2336
4850,3044,1806
298,1451,-1153
299,4527,-4228
-2866,-196,-2670
-2711,-2406,-305
5929,1122,4807
-1516,3029,-4545
1189,2998,-1809
-778,-1741,963
1922,3584,-1662
-3488,173,-3661
6636,1688,4948
-2635,1937,-4572
3420,2466,954
-2040,-801,-1239
932,1740,-808
1583,-179,1762
727,2032,-1305
-2361,-1885,-476
-2855,-1247,-1608
3501,4203,-702
3384,1049,2335
-7822,-4157,-3665
6709,3500,3209
-477,-3819,3342
-295,3856,-4151
6683,1882,4801
-943,-422,-521
-7,-4114,4107
-8021,-4067,-3954
-4171,-4842,671
1927,-1432,3359
-6912,-3733,-3179
3017,-1794,4811
3921,2935,986
1362,-3200,4562
-2606,1371,-3977
5342,4249,1093
-1582,-4652,3070
4540,2800,1740
130,4632,-4502
398,-3086,3484
5049,2630,2419
6472,3186,3286
-5250,-479,-4771
4432,4610,-178
813,-154,967
-4058,402,-4460
2668,1454,1214
-6274,-1710,-4564
3364,2948,416
1362,622,740
2211,4569,-2358
1566,-2512,4078
-1536,-4030,2494
-1763,-4133,2370
-162,4738,-4900
-548,1732,-2280
15,4227,-4212
3971,209,3762
1700,4505,-2805
-106,-378,272
7307,2949,4358
824,2777,-1953
4155,2773,1382
310,-3297,3607
857,1088,-231
2397,-43,2440
2795,-1011,3806
5362,1432,3930
4221,1065,3156
-6501,-2885,-3616
-1825,-3226,1401
4242,700,3542
-4815,-1755,-3060
-7419,-4415,-3004
-1226,-1986,760
-2199,2257,-4456
-4585,-829,-3756
1759,2314,-555
7436,3147,4289
3402,4612,-1210
660,-1945,2605
6873,3841,3032
6186,3870,2316
-1038,-2677,1639
-2389,-1214,-1175
-129,-4537,4408
-2922,-884,-2038
-8345,-4526,-3819
3493,223,3270
214,-2331,2545
2594,412,2182
1689,2834,-1145
-6374,-2416,-3958
-822,3344,-4166
-4363,-2322,-2041
9141,4422,4719
377,365,12
-899,-4141,3242
-106,1978,-2084
468,-2908,3376
4929,232,4697
63,2985,-2922
3920,4891,-971
5520,2404,3116
7265,2454,4811
-4564,-1220,-3344
-4616,-2342,-2274
-1727,1781,-3508
-3398,-2958,-440
6751,3606,3145
-3974,-3788,-186
2622,2789,-167
4148,-429,4577
9238,4529,4709
2100,510,1590
-5140,-2716,-2424
526,4222,-3696
-3401,-2483,-918
5162,1819,3343
-2405,-66,-2339
-3177,257,-3434
-7466,-4072,-3394
2074,2099,-25
3661,2134,1527
-4558,-2678,-1880
-7769,-4527,-3242
4254,2913,1341
-854,-1910,1056
1924,4526,-2602
-6619,-1888,-4731
-5366,-4998,-368
-386,277,-663
1253,2522,-1269
7322,3840,3482
5951,1676,4275
-851,3031,-3882
-4667,-3915,-752
-1951,-4935,2984
6155,3611,2544
8701,4741,3960
4069,-647,4716
7598,4403,3195
-6031,-1887,-4144
614,-2603,3217
1357,2551,-1194
-5172,-279,-4893
474,-1045,1519
-6559,-2490,-4069
1175,-86,1261
1614,4425,-2811
5891,4562,1329
-2022,-1371,-651
-3534,-3887,353
6201,3267,2934
-2821,-721,-2100
5219,2652,2567
-2953,1125,-4078
-4521,-4319,-202
-3166,-4470,1304
155,1698,-1543
4747,4260,487
13,-4088,4101
-616,4009,-4625
-2531,-308,-2223
1354,-278,1632
6954,3978,2976
1443,3492,-2049
-178,2251,-2429
9429,4679,4750
2403,1331,1072
-5335,-3027,-2308
2546,2068,478
-706,-40,-666
-1672,-4198,2526
553,1182,-629
577,-2487,3064
-508,961,-1469
-295,1592,-1887
-740,249,-989
1619,-3255,4874
310,-727,1037
1625,-102,1727
-752,1092,-1844
-2297,-292,-2005
-4637,-2268,-2369
-2878,-2734,-144
4472,4234,238
2887,-1257,4144
-5752,-2822,-2930
-7117,-2732,-4385
1066,1801,-735
8050,3596,4454
-8526,-4344,-4182
7834,3053,4781
-333,-2637,2304
-2809,-1115,-1694
-1036,1101,-2137
-1230,1299,-2529
4564,2633,1931
-732,3705,-4437
4384,4191,193
8311,3532,4779
-994,-3828,2834
4390,2845,1545
2840,3547,-707
3785,-489,4274
1347,3173,-1826
568,3644,-3076
-3237,426,-3663
1462,3562,-2100
-1440,-4531,3091
7748,3914,3834
-4697,-2584,-2113
2963,1770,1193
-6885,-3507,-3378
-966,2783,-3749
2280,-703,2983
2416,-615,3031
-2624,-534,-2090
7840,4438,3402
4025,4439,-414
835,1153,-318
257,-753,1010
-1373,-2327,954
4520,4185,335
-2419,1246,-3665
150,1551,-1401
4268,2222,2046
-1948,-1603,-345
-2352,159,-2511
-1065,-538,-527
6460,3513,2947
-8550,-4567,-3983
1412,4930,-3518
-2794,1696,-4490
223,1994,-1771
-2486,-4602,2116
-170,4210,-4380
4641,3042,1599
923,1597,-674
2181,2930,-749
1068,1650,-582
-8300,-4027,-4273
-2336,-167,-2169
-1747,-3008,1261
-7557,-3762,-3795
5316,3229,2087
-783,2771,-3554
-5155,-4542,-613
-785,-276,-509
-5462,-3601,-1861
-2262,2419,-4681
-3251,-4951,1700
-2365,1124,-3489
1554,-2077,3631
5652,3286,2366
3370,14,3356
-3371,-2707,-664
2266,4624,-2358
-1222,2133,-3355
-266,2611,-2877
1187,-856,2043
645,19,626
248,-412,660
611,2163,-1552
4393,3405,988
502,3566,-3064
-2266,-4837,2571
-778,1910,-2688
-233,-1519,1286
-5015,-298,-4717
3387,-633,4020
7242,3745,3497
-740,3741,-4481
1967,-1633,3600
-4307,-2906,-1401
4928,3142,1786
-7742,-4086,-3656
5294,1256,4038
-4583,-364,-4219
-5677,-1618,-4059
-1383,-2034,651
3889,2408,1481
2356,2699,-343
-2805,-4780,1975
433,3844,-3411
1972,-223,2195
-799,-1307,508
-1290,3408,-4698
-7115,-2261,-4854
-3547,-2402,-1145
8829,4001,4828
285,-475,760
2022,-1750,3772
6440,3376,3064
1505,541,964
-4886,-195,-4691
1788,-182,1970
-3262,-3457,195
-4568,205,-4773
-8205,-4631,-3574
-4272,-825,-3447
-699,1276,-1975
476,-3531,4007
8764,4093,4671
-2349,-3510,1161
-4431,-2492,-1939
-2273,1597,-3870
-907,3699,-4606
7085,2664,4421
-6576,-3055,-3521
-3290,475,-3765
453,-2983,3436
-5313,-2634,-2679
3084,1151,1933
-251,-514,263
-2394,-4152,1758
-5671,-4319,-1352
6180,4384,1796
-2048,-2556,508
189,-3804,3993
-2518,-4353,1835
-1595,2349,-3944
-3056,-3385,329
-3783,-2152,-1631
2960,3626,-666
-4225,-2093,-2132
250,-1949,2199
-2524,-4717,2193
2409,4290,-1881
-3362,-3473,111
46,-1362,1408
2356,-2046,4402
-5296,-1517,-3779
1828,-2984,4812
-2666,2250,-4916
-4763,-2786,-1977
5541,4826,715
7958,4250,3708
-6278,-1439,-4839
797,3511,-2714
-190,1986,-2176
-4317,-4330,13
7975,4983,2992
-4405,-414,-3991
6880,2247,4633
5213,1093,4120
3760,2677,1083
3699,3977,-278
-7081,-2259,-4822
-1075,-1623,548
-1372,766,-2138
-9594,-4809,-4785
3197,289,2908
6078,4668,1410
-3922,-1077,-2845
2469,4907,-2438
5131,3238,1893
7850,4242,3608
-915,4017,-4932
-554,2198,-2752
2096,4383,-2287
4241,4305,-64
1434,-2048,3482
2917,4989,-2072
7841,3811,4030
-4687,-1626,-3061
388,3977,-3589
5487,4935,552
-1238,714,-1952
3844,4302,-458
119,-106,225
5021,2604,2417
4081,948,3133
6394,4277,2117
-129,1997,-2126
2771,4348,-1577
-130,-1753,1623
-758,-3523,2765
3482,2592,890
4788,3356,1432
1040,-1556,2596
-3736,-1942,-1794
-5385,-1999,-3386
746,-3091,3837
-5585,-2443,-3142
-5717,-3674,-2043
-1424,-3161,1737
-5794,-2938,-2856
8539,3800,4739
-4445,-749,-3696
-962,-2050,1088
2939,1200,1739
-5369,-1038,-4331
-4016,-3506,-510
-2858,-3340,482
3233,1058,2175
-5020,-4155,-865
7046,4143,2903
5205,4489,716
-5376,-2558,-2818
4471,3557,914
-881,-4003,3122
-5934,-3377,-2557
-9420,-4562,-4858
-1557,-1000,-557
-1124,-1730,606
1901,1561,340
1429,92,1337
6569,2766,3803
4795,3392,1403
4458,2924,1534
525,2057,-1532
5724,872,4852
806,-84,890
-3650,-3544,-106
-627,-2615,1988
496,-3590,4086
4049,3249,800
4416,2382,2034
-978,-3950,2972
876,-3647,4523
5935,2007,3928
-4586,-2161,-2425
3912,2016,1896
-22,1557,-1579
-3166,-576,-2590
5762,4686,1076
5883,4190,1693
-347,-2579,2232
1237,3671,-2434
-2221,2493,-4714
3614,-335,3949
-5772,-2963,-2809
-131,-1706,1575
2803,3375,-572
3929,1383,2546
1978,-1850,3828
2097,-1696,3793
-781,-3731,2950
-2266,-222,-2044
5329,3216,2113
-783,-3461,2678
-498,-1349,851
1838,-1004,2842
337,4232,-3895
-1609,189,-1798
2322,33,2289
-3434,-1427,-2007
-1841,-1150,-691
-5977,-4925,-1052
3965,4756,-791
4710,3536,1174
3965,-254,4219
-2183,-3663,1480
5813,1293,4520
-9181,-4255,-4926
-2454,1172,-3626
4106,1187,2919
-340,2598,-2938
1151,-2674,3825
1303,1164,139
2287,-2177,4464
7317,4600,2717
4877,2526,2351
-2064,-4765,2701
5539,4940,599
6112,4199,1913
-1467,-3116,1649
-5857,-2545,-3312
3198,1509,1689
6524,2493,4031
7633,2810,4823
-1093,-4038,2945
5988,3286,2702
2278,-72,2350
-3278,-4635,1357
4897,530,4367
-3444,-2325,-1119
-914,2125,-3039
-2034,651,-2685
1429,-2078,3507
6707,4970,1737
864,1211,-347
389,3623,-3234
6482,1602,4880
2447,4356,-1909
-5298,-4468,-830
-499,-3329,2830
-167,-3592,3425
2171,2073,98
-2365,-1193,-1172
-3732,-4459,727
-3460,1062,-4522
8235,4043,4192
-2592,-2102,-490
-2448,-1013,-1435
3601,-111,3712
3352,3940,-588
2756,-1416,4172
-3336,-1250,-2086
-2204,2297,-4501
967,2748,-1781
-101,2516,-2617
474,-1912,2386
3021,1424,1597
2266,156,2110
-3078,-218,-2860
9326,4430,4896
1763,4352,-2589
2849,-1100,3949
-2498,-712,-1786
-1984,-2053,69
-2706,2218,-4924
-7510,-4790,-2720
-3987,-3137,-850
8943,4384,4559
3004,-1395,4399
-5275,-2334,-2941
-1985,-4921,2936
-4309,-2626,-1683
3358,1349,2009
1618,-1735,3353
7601,3827,3774
2981,2107,874
7101,3409,3692
5367,4791,576
-1225,1665,-2890
5689,2173,3516
-5036,-4275,-761
-5334,-4147,-1187
-1824,-3234,1410
5718,1527,4191
-53,1407,-1460
-785,-562,-223
-4657,-2577,-2080
-854,2572,-3426
3645,4637,-992
-678,1434,-2112
-1380,-660,-720
5830,2823,3007
228,78,150
295,-3779,4074
-3960,-1295,-2665
1685,-2334,4019
3665,922,2743
-4390,-1508,-2882
209,4300,-4091
-773,3399,-4172
-194,736,-930
2601,4251,-1650
6002,2570,3432
-6053,-1614,-4439
-2795,-1979,-816
3768,2357,1411
5234,1263,3971
1043,757,286
1103,4448,-3345
1337,-471,1808
-3803,-2144,-1659
1537,1650,-113
2739,-750,3489
-1979,797,-2776
3613,378,3235
-4815,-2252,-2563
-6223,-3391,-2832
820,4295,-3475
-2653,159,-2812
473,-2193,2666
-592,-4125,3533
3717,1111,2606
4455,2711,1744
-770,-3539,2769
-518,2443,-2961
-773,1400,-2173
1817,4395,-2578
4373,-240,4613
-65,214,-279
-5325,-4425,-900
354,-278,632
-2761,-2483,-278
-486,2311,-2797
-6300,-1346,-4954
-1091,-1636,545
5212,2891,2321
4098,3387,711
-2744,-2029,-715
4655,1899,2756
1883,-962,2845
7747,3454,4293
5246,757,4489
-6836,-2309,-4527
-326,3878,-4204
2032,1260,772
-4770,-155,-4615
3194,-688,3882
-9177,-4491,-4686
-2427,2216,-4643
1993,3235,-1242
6142,3233,2909
-6097,-4675,-1422
6785,2627,4158
-1114,3145,-4259
1730,-1813,3543
-769,-4476,3707
-7556,-4124,-3432
-5785,-4743,-1042
5009,3372,1637
3716,336,3380
2702,-723,3425
-4733,-4561,-172
5795,2910,2885
-927,3511,-4438
4905,1126,3779
2669,2010,659
-4328,-1957,-2371
55,-2242,2297
-883,-2713,1830
4867,2156,2711
-734,-368,-366
-5011,-4079,-932
-2598,-791,-1807
2237,3673,-1436
-571,-3959,3388
-1926,-3022,1096
6799,3743,3056
672,2534,-1862
-1439,-2693,1254
73,1900,-1827
3667,3614,53
-9241,-4526,-4715
-1423,-3845,2422
-2946,-4788,1842
-1863,-4072,2209
-1658,2937,-4595
2728,4483,-1755
1482,-920,2402
6142,1327,4815
-2170,-1095,-1075
264,4863,-4599
1441,-1497,2938
-6454,-3640,-2814
2024,2215,-191
2219,-448,2667
2480,4827,-2347
-168,4518,-4686
-2274,2327,-4601
7083,3518,3565
1490,-804,2294
1868,-700,2568
-7958,-4025,-3933
-130,-2637,2507
2566,-274,2840
2385,3297,-912
6956,3270,3686
3745,3549,196
1996,-161,2157
1101,-610,1711
-63,313,-376
-997,-1337,340
1975,616,1359
2258,249,2009
-293,1760,-2053
-1477,1037,-2514
-7294,-3096,-4198
-8620,-4408,-4212
2231,3536,-1305
4892,3308,1584
376,1966,-1590
613,-3048,3661
-1209,-2650,1441
4994,4233,761
-4982,-4333,-649
2017,1180,837
1167,-2625,3792
3840,554,3286
-6089,-1771,-4318
3758,1133,2625
-250,1793,-2043
3152,8,3144
-3205,-3907,702
5175,3683,1492
6347,2603,3744
576,-1612,2188
-1397,-2456,1059
1865,-2493,4358
6129,2489,3640
6878,3863,3015
-1574,610,-2184
6441,3288,3153
-2186,1192,-3378
1325,842,483
-3303,-1879,-1424
-1286,-1591,305
-423,-354,-69
4167,4237,-70
1644,-3176,4820
282,-2741,3023
5994,3105,2889
3769,2735,1034
4088,931,3157
-5172,-2378,-2794
1864,4951,-3087
-239,-1362,1123
-2182,-1990,-192
-550,-2387,1837
-1989,-198,-1791
-2431,-1389,-1042
3436,1765,1671
3709,3873,-164
-2277,-786,-1491
2394,4897,-2503
1821,1329,492
-2317,-2169,-148
6684,4840,1844
1181,2790,-1609
814,4295,-3481
1793,1597,196
-2847,1245,-4092
1563,4103,-2540
5386,469,4917
2895,-724,3619
-6241,-4030,-2211
327,2986,-2659
4527,261,4266
-2366,-3169,803
-5298,-2270,-3028
-3350,-1754,-1596
8684,3929,4755
4173,3088,1085
1458,-3406,4864
1885,-438,2323
23,-1502,1525
-2524,1934,-4458
5291,2450,2841
-2809,-432,-2377
-5591,-4250,-1341
12,-1880,1892
84,3701,-3617
-1318,-4771,3453
2562,3248,-686
-5598,-3541,-2057
-3640,-1888,-1752
1880,1656,224
-4251,406,-4657
5178,2421,2757
-3141,-229,-2912
8883,4733,4150
346,1195,-849
-3882,-1370,-2512
-7879,-3969,-3910
-797,-415,-382
-2821,-3544,723
-3107,-1856,-1251
-547,1392,-1939
5605,3840,1765
8740,4641,4099
3383,3732,-349
-4176,-584,-3592
8798,3992,4806
2726,-1385,4111
231,-4552,4783
2247,900,1347
7219,3642,3577
490,-1765,2255
3108,733,2375
-3523,-3017,-506
2531,-756,3287
-5207,-2649,-2558
-3003,-489,-2514
-6059,-1928,-4131
727,-3725,4452
7103,3263,3840
-4345,629,-4974
-2371,-1340,-1031
951,2413,-1462
-3679,-1204,-2475
1713,-2589,4302
2538,-2254,4792
-7078,-3881,-3197
3144,1337,1807
-402,3188,-3590
4454,1933,2521
-3841,489,-4330
-1233,1055,-2288
2698,-857,3555
-1565,-629,-936
3416,-185,3601
1012,-618,1630
2128,2876,-748
2136,4039,-1903
-5653,-2385,-3268
270,-842,1112
-2249,2683,-4932
-6445,-4256,-2189
-1609,648,-2257
1379,2523,-1144
1632,3424,-1792
6622,3149,3473
1257,-249,1506
4668,4577,91
210,1949,-1739
-277,1382,-1659
-4731,-2228,-2503
5918,1027,4891
-3521,-3057,-464
2971,4713,-1742
2324,-2086,4410
3541,-603,4144
3103,1988,1115
9066,4509,4557
-563,-4121,3558
4407,-582,4989
-3982,597,-4579
267,1353,-1086
-1213,-3474,2261
-5012,-542,-4470
-8234,-4259,-3975
-853,-4449,3596
4539,1348,3191
-5149,-1856,-3293
1904,202,1702
-1201,1024,-2225
1398,1214,184
-6084,-4295,-1789
-4944,-543,-4401
6690,2488,4202
-1355,1653,-3008
1776,-2444,4220
-3187,-4516,1329
541,3182,-2641
-5574,-1213,-4361
-4245,454,-4699
827,49,778
6146,2274,3872
4444,3598,846
2818,-2060,4878
-2079,-2081,2
3788,4352,-564
1205,-2778,3983
-4273,-4225,-48
2228,2191,37
-2592,-1155,-1437
-862,2154,-3016
1877,4762,-2885
-5471,-2442,-3029
-2870,-1418,-1452
-3469,-204,-3265
-3270,-5,-3265
-5660,-1795,-3865
-4814,-4431,-383
-115,4451,-4566
2344,-628,2972
5775,4167,1608
28,3031,-3003
275,-2742,3017
187,3667,-3480
-3998,-3346,-652
6257,3557,2700
-2527,-2550,23
4307,4895,-588
7375,3538,3837
-1154,-4191,3037
-3788,-267,-3521
-3001,-3278,277
5723,1927,3796
-653,-3900,3247
-163,1548,-1711
1883,4201,-2318
3907,1016,2891
-5644,-1125,-4519
-4120,-1863,-2257
-1263,1142,-2405
-6268,-2050,-4218
-2182,-4239,2057
732,2197,-1465
3470,3695,-225
-3570,-4335,765
940,-980,1920
1738,4039,-2301
3788,3244,544
-1712,-4248,2536
-766,-4100,3334
-5818,-3716,-2102
2759,-287,3046
4124,-248,4372
-8733,-4145,-4588
4370,3657,713
-5577,-2188,-3389
-1468,-1040,-428
5456,2212,3244
-5349,-498,-4851
2369,4963,-2594
-4948,-3928,-1020
-6519,-1688,-4831
3472,4056,-584
-3536,805,-4341
289,-4355,4644
-3387,-1631,-1756
-7063,-3094,-3969
3864,4036,-172
-391,-4561,4170
-5166,-1429,-3737
3694,-538,4232
1268,4018,-2750
-5383,-3894,-1489
-2150,-6,-2144
5478,994,4484
536,4772,-4236
5141,2118,3023
1895,2984,-1089
-4265,313,-4578
-262,1022,-1284
358,-4308,4666
-1243,3340,-4583
1072,3824,-2752
3599,3891,-292
-7058,-3110,-3948
7072,3667,3405
-226,-3076,2850
3003,4692,-1689
-4856,-3313,-1543
4858,3694,1164
5467,1635,3832
3299,567,2732
-527,3573,-4100
-3879,-1655,-2224
-6629,-2947,-3682
-7815,-3976,-3839
-4008,-3909,-99
-1418,-109,-1309
-7110,-3122,-3988
-14,-2379,2365
3290,4661,-1371
2521,-2344,4865
-3416,-2365,-1051
-6021,-2083,-3938
156,1974,-1818
6777,3738,3039
-1956,1799,-3755
-5264,-4465,-799
4447,-374,4821
1959,3705,-1746
1317,-2235,3552
-5390,-2117,-3273
-4879,-1290,-3589
-1985,-4719,2734
-243,307,-550
-6764,-4828,-1936
-2235,1660,-3895
1860,2326,-466
8406,4095,4311
-594,-550,-44
-4328,-4035,-293
-794,-825,31
-2088,-4232,2144
7355,4392,2963
-1830,-1811,-19
-439,-2617,2178
3748,1159,2589
-1970,-881,-1089
5429,1977,3452
395,2294,-1899
-2108,-2490,382
4097,2890,1207
3382,2701,681
-6810,-4358,-2452
-1393,-4176,2783
5479,1595,3884
-5514,-4755,-759
8732,4636,4096
2952,603,2349
-2720,-3681,961
-3944,-4683,739
2942,1610,1332
-1637,-1998,361
3887,3478,409
6007,4594,1413
-5124,-2251,-2873
-1026,-581,-445
1810,-2930,4740
4547,3025,1522
8072,3837,4235
-1631,-278,-1353
673,3362,-2689
3481,3525,-44
3510,1417,2093
-3002,-2541,-461
914,-2068,2982
3858,4057,-199
-4061,-2096,-1965
-397,3492,-3889
-2261,448,-2709
-2598,-4715,2117
-213,4347,-4560
-7305,-4917,-2388
-1313,1469,-2782
-3776,-2862,-914
-4779,-1340,-3439
1332,1333,-1
-3671,-3093,-578
-3804,-1500,-2304
4241,3447,794
-428,-1743,1315
-2098,-1840,-258
6306,2330,3976
-1737,423,-2160
267,1904,-1637
2717,-1507,4224
7093,2446,4647
8301,4975,3326
920,3406,-2486
920,-1009,1929
7342,3299,4043
-4943,-1198,-3745
6242,4641,1601
-6986,-3766,-3220
7609,2657,4952
-661,3883,-4544
-4343,126,-4469
5616,3931,1685
5978,1886,4092
46,-108,154
9185,4733,4452
3256,1521,1735
-3159,-2993,-166
7822,4590,3232
1971,2002,-31
5383,3898,1485
-8342,-3699,-4643
2015,2917,-902
-5581,-1539,-4042
-77,-4219,4142
3095,2535,560
3513,4909,-1396
-3272,-4973,1701
-1861,2566,-4427
4559,4801,-242
1255,2721,-1466
3793,687,3106
1247,680,567
207,2074,-1867
624,4446,-3822
5413,1957,3456
2016,2338,-322
1538,836,702
-6737,-4990,-1747
1190,3082,-1892
-1399,190,-1589
-1742,2149,-3891
-2825,-538,-2287
-3833,-1613,-2220
-3865,643,-4508
-1001,2998,-3999
-2298,-1317,-981
3423,1817,1606
2908,-487,3395
-4297,-2468,-1829
-386,-4218,3832
108,-2724,2832
6498,2346,4152
-649,-3074,2425
-340,2157,-2497
-3010,-3214,204
3026,4576,-1550
8480,4297,4183
5829,2046,3783
-3406,148,-3554
-87,-1613,1526
-7167,-2356,-4811
-2029,2003,-4032
3239,3151,88
-5863,-3839,-2024
2218,1014,1204
-1351,-4169,2818
-2707,-3227,520
-167,-4083,3916
-4726,-3465,-1261
1030,-3366,4396
5653,4841,812
-5451,-3742,-1709
2097,211,1886
-7792,-4409,-3383
-2989,-3356,367
845,4660,-3815
-4600,-2758,-1842
-2991,1396,-4387
-895,-18,-877
4796,2544,2252
988,-318,1306
4145,2865,1280
7902,4128,3774
5182,1892,3290
2191,4091,-1900
-1637,-392,-1245
-7178,-3108,-4070
3572,-305,3877
4027,755,3272
7330,3261,4069
-2160,1066,-3226
-161,-4472,4311
-7685,-3499,-4186
1256,2491,-1235
-500,-2623,2123
-8429,-4584,-3845
1689,-2760,4449
-4185,-3866,-319
-4516,454,-4970
350,2605,-2255
-4934,-10,-4924
612,4838,-4226
4332,960,3372
-9192,-4344,-4848
7420,2691,4729
6223,2788,3435
1823,3194,-1371
-6511,-1654,-4857
-1145,275,-1420
5121,878,4243
-210,3415,-3625
2805,465,2340
2652,-808,3460
-7885,-3935,-3950
2868,2541,327
8871,4900,3971
4363,3084,1279
495,-1555,2050
864,-3199,4063
374,2720,-2346
1849,4574,-2725
2204,2493,-289
-928,678,-1606
-5670,-2894,-2776
2292,2537,-245
7780,3796,3984
-669,2217,-2886
112,986,-874
-468,-4744,4276
-106,-4927,4821
1402,-1562,2964
-2079,-2980,901
-4119,-4814,695
1650,335,1315
-3548,-4221,673
4550,4924,-374
-1648,-4323,2675
-6258,-1647,-4611
-1329,337,-1666
-585,267,-852
-1481,-3636,2155
6273,2081,4192
-2265,1833,-4098
-218,3356,-3574
714,-178,892
378,4804,-4426
-3217,-4410,1193
-4694,-3621,-1073
682,-150,832
-236,877,-1113
7246,4317,2929
-3418,-2973,-445
5312,4350,962
-2568,-2719,151
1038,-2282,3320
6884,3104,3780
503,-2258,2761
2840,3737,-897
-1403,-3862,2459
-4085,-4030,-55
-3696,-3744,48
-1041,2967,-4008
-1955,-843,-1112
1176,4102,-2926
-4252,383,-4635
8186,4233,3953
2468,990,1478
-1738,1292,-3030
4220,-705,4925
868,524,344
5706,1568,4138
5739,1702,4037
-4865,-320,-4545
-6099,-4262,-1837
7133,3975,3158
-2854,14,-2868
-7736,-3994,-3742
3821,1878,1943
-643,1616,-2259
2255,-1702,3957
-3368,-1980,-1388
-1719,1157,-2876
-3761,-767,-2994
6666,2141,4525
-2618,1637,-4255
-7044,-4634,-2410
1918,-2806,4724
-2513,-3735,1222
-1787,1914,-3701
-5433,-4593,-840
-7045,-4466,-2579
3428,-127,3555
6421,2867,3554
8425,4617,3808
-2167,-562,-1605
3195,-1196,4391
-784,86,-870
2910,3615,-705
4480,13,4467
2549,3299,-750
43,-945,988
-2488,-597,-1891
5147,2919,2228
-728,3972,-4700
7266,4402,2864
2750,-780,3530
5570,2159,3411
-20,-1218,1198
-5570,-3482,-2088
864,161,703
-991,2222,-3213
-5017,-2362,-2655
-3909,-1229,-2680
-4208,-327,-3881
-4403,-3996,-407
2175,-2778,4953
5464,1822,3642
3145,2778,367
-4843,-1861,-2982
-1139,3187,-4326
1757,1462,295
198,395,-197
-2094,293,-2387
-5926,-1601,-4325
230,1932,-1702
553,2284,-1731
-3067,-4589,1522
-2248,-4723,2475
5850,3494,2356
107,-3425,3532
4501,1398,3103
4345,1878,2467
4810,125,4685
-5238,-3419,-1819
8035,3150,4885
-8292,-4623,-3669
1980,-757,2737
-1800,-385,-1415
-3630,-228,-3402
-4976,-3939,-1037
5845,2978,2867
-2934,-2390,-544
-4771,-1251,-3520
5939,4867,1072
3651,4218,-567
-1313,1346,-2659
-828,2544,-3372
1917,1563,354
160,-3633,3793
-1977,109,-2086
2355,1392,963
1439,1216,223
-244,3695,-3939
-8214,-4892,-3322
4074,1296,2778
1045,3959,-2914
-2219,-1271,-948
7248,3695,3553
-1553,2966,-4519
-2404,1297,-3701
-3414,1364,-4778
142,-1290,1432
2985,1547,1438
4458,1842,2616
-602,2311,-2913
-5366,-996,-4370
71,443,-372
2373,-1639,4012
1884,3323,-1439
2042,-1136,3178
-453,-106,-347
376,-3648,4024
3293,-272,3565
-870,-3288,2418
2929,4545,-1616
1374,2667,-1293
8759,4074,4685
-4834,-2058,-2776
-1405,-3695,2290
-7878,-2940,-4938
-5111,-4284,-827
-7714,-4800,-2914
1090,1501,-411
79,-2451,2530
-9127,-4311,-4816
332,2592,-2260
1524,-160,1684
3747,1302,2445
-8550,-4906,-3644
3805,965,2840
-1278,78,-1356
293,3455,-3162
659,289,370
7810,3347,4463
5692,4894,798
-1033,3723,-4756
2625,4680,-2055
-2038,-4676,2638
5161,3734,1427
3492,3380,112
3654,-328,3982
4984,4578,406
-4729,-1634,-3095
1372,3574,-2202
-3645,-3553,-92
3561,3293,268
-4,-847,843
1298,2792,-1494
-2740,-1284,-1456
-6715,-3094,-3621
-4313,-4485,172
-3671,-2363,-1308
-4823,-484,-4339
2812,639,2173
3224,-932,4156
5804,3168,2636
6813,1911,4902
5422,1623,3799
4757,331,4426
6792,2841,3951
3256,4112,-856
1393,652,741
-862,942,-1804
-4637,-3255,-1382
-7421,-3217,-4204
6083,2872,3211
7851,4990,2861
-975,-4128,3153
-5242,-3506,-1736
-7186,-4357,-2829
2125,3017,-892
-3947,-691,-3256
1153,2785,-1632
-7922,-4415,-3507
2470,-1166,3636
5932,1622,4310
3871,3767,104
-5149,-2071,-3078
-4019,-47,-3972
-1869,-4310,2441
-972,-4760,3788
-831,541,-1372
6266,1914,4352
-992,-76,-916
8073,3207,4866
-1762,2459,-4221
419,-695,1114
-143,3419,-3562
3400,3774,-374
-4330,-1100,-3230
-1494,-2990,1496
-6028,-2438,-3590
2288,2736,-448
1552,172,1380
5674,4575,1099
-1479,-622,-857
7372,2855,4517
2529,-205,2734
908,-2674,3582
-6540,-1981,-4559
-26,3809,-3835
-298,1072,-1370
1580,4704,-3124
5577,1463,4114
-2413,2354,-4767
365,1309,-944
-7063,-3805,-3258
3379,2427,952
670,-3422,4092
-5747,-4424,-1323
2649,1327,1322
3023,256,2767
-2622,131,-2753
-2161,2705,-4866
-2518,-1930,-588
-310,1147,-1457
-904,4041,-4945
-7377,-4579,-2798
-632,-312,-320
1183,3758,-2575
1730,325,1405
2373,2303,70
3481,896,2585
-7074,-2141,-4933
-7521,-3263,-4258
-3600,-187,-3413
-1891,-3566,1675
-7253,-4168,-3085
-4122,-688,-3434
4125,-284,4409
-194,-2491,2297
784,-3520,4304
-3645,-283,-3362
1667,961,706
-3146,-876,-2270
-404,-2616,2212
735,1664,-929
-20,-1823,1803
1661,2115,-454
5280,2537,2743
-426,-2783,2357
-1516,-4784,3268
-4771,-3765,-1006
-103,-3599,3496
1396,2703,-1307
2779,1144,1635
-4546,-606,-3940
-226,-2242,2016
4016,-444,4460
-7143,-4968,-2175
7187,3670,3517
2706,455,2251
-6310,-2256,-4054
-5012,-1716,-3296
5131,3728,1403
214,-2577,2791
-4744,-1974,-2770
-438,838,-1276
-3434,1127,-4561
-2698,-1957,-741
5622,4180,1442
1880,-2153,4033
3560,-1183,4743
3042,4356,-1314
-2004,-3983,1979
351,1096,-745
6703,2912,3791
3413,-966,4379
-437,-335,-102
-251,-3562,3311
-2017,1144,-3161
2604,4944,-2340
-2400,-1730,-670
-2473,-1330,-1143
-6488,-3145,-3343
3001,-1199,4200
2192,3172,-980
439,741,-302
2366,782,1584
2026,422,1604
1564,-965,2529
6257,2366,3891
-2694,899,-3593
-1281,685,-1966
5892,2399,3493
1736,-65,1801
5785,3837,1948
-6262,-3520,-2742
-426,-279,-147
-3612,-1792,-1820
7046,3900,3146
2629,2945,-316
222,2801,-2579
-2126,-2715,589
731,4836,-4105
-2766,-2790,24
4079,2250,1829
-2212,1295,-3507
-4070,-465,-3605
3342,3948,-606
3418,-16,3434
-232,-2729,2497
6533,4412,2121
105,4616,-4511
-2424,-3168,744
531,1758,-1227
-744,358,-1102
-1457,1992,-3449
-5925,-2568,-3357
-2823,-1654,-1169
2843,1508,1335
-5595,-1823,-3772
3344,58,3286
-4313,-4042,-271
-3797,-3948,151
-3882,-3418,-464
-652,-1112,460
-755,-280,-475
2536,-2411,4947
714,1444,-730
-6328,-3181,-3147
957,2012,-1055
3663,-590,4253
-1055,-3903,2848
-6356,-3911,-2445
-1026,565,-1591
-4541,-3108,-1433
-7483,-2708,-4775
6793,2522,4271
3906,3202,704
4077,1290,2787
-1710,1438,-3148
-5506,-3822,-1684
925,-2934,3859
8653,4442,4211
-5887,-4937,-950
-6226,-3081,-3145
-1490,2810,-4300
1925,602,1323
5839,1057,4782
-3535,-2775,-760
818,-3125,3943
793,2378,-1585
5114,2351,2763
6303,1323,4980
4345,1032,3313
-1892,1955,-3847
642,-2673,3315
-2732,-520,-2212
-3989,-4011,22
-4350,-2563,-1787
3995,-530,4525
5551,4595,956
-268,4642,-4910
6523,4384,2139
-2414,-100,-2314
-3242,1397,-4639
387,3783,-3396
-2757,-518,-2239
404,3499,-3095
6692,4816,1876
-1289,708,-1997
5798,1462,4336
2329,1850,479
932,4831,-3899
8930,4717,4213
1577,1541,36
3099,4434,-1335
2542,4970,-2428
-997,3088,-4085
-1349,-4042,2693
-1092,-4064,2972
8402,4306,4096
-2669,-1535,-1134
5873,4016,1857
6055,4416,1639
-8994,-4353,-4641
2484,1562,922
-2961,-2820,-141
-512,2688,-3200
889,1955,-1066
-410,258,-668
6636,1968,4668
1125,-1223,2348
3972,2558,1414
5800,1413,4387
727,958,-231
5181,543,4638
-1027,372,-1399
565,4720,-4155
2767,4635,-1868
1308,4115,-2807
3543,3785,-242
3129,1993,1136
2529,4163,-1634
-1057,-4643,3586
4580,1217,3363
327,-4427,4754
3629,1795,1834
3073,-620,3693
-2207,-2151,-56
26,2641,-2615
-5869,-1608,-4261
-6904,-3844,-3060
7756,3821,3935
8816,4840,3976
3784,-473,4257
7600,4801,2799
1405,2243,-838
2002,452,1550
4761,239,4522
2545,4778,-2233
-7349,-4356,-2993
1982,-2608,4590
-2412,1543,-3955
4542,4541,1
865,4222,-3357
-4271,-1011,-3260
-3677,-3182,-495
-557,-2129,1572
-7678,-2833,-4845
2087,3799,-1712
1140,4640,-3500
-1466,-4893,3427
-8002,-4522,-3480
-607,-4535,3928
1105,-3239,4344
-3256,-4550,1294
-3047,-531,-2516
3854,627,3227
241,-673,914
5638,2887,2751
-3436,952,-4388
-2503,-1718,-785
8135,3553,4582
3727,1001,2726
-1266,-2725,1459
-1078,-1125,47
-5632,-4211,-1421
-1366,2461,-3827
-2284,-2244,-40
2429,4053,-1624
-3291,896,-4187
-8025,-4875,-3150
-7546,-3842,-3704
-4777,-696,-4081
-2688,-1791,-897
-1236,2508,-3744
-6920,-4203,-2717
-1483,2176,-3659
5608,655,4953
4940,4031,909
1860,-3102,4962
-3632,-1166,-2466
1308,-3390,4698
-1683,1136,-2819
6272,3144,3128
-2585,-4332,1747
3224,1594,1630
1456,673,783
1771,4308,-2537
-8014,-4071,-3943
-6308,-1614,-4694
-2361,2534,-4895
5388,771,4617
-1480,3054,-4534
-5694,-3769,-1925
-2028,-2327,299
-4388,-2710,-1678
-1545,-1909,364
1913,-1989,3902
-2293,-329,-1964
914,3563,-2649
-722,-4558,3836
1423,780,643
-4487,-4108,-379
-6028,-3174,-2854
-2025,-2072,47
3952,3084,868
2306,-2319,4625
-654,-2558,1904
870,3454,-2584
3627,2626,1001
560,2231,-1671
8065,4859,3206
-906,1516,-2422
2090,96,1994
-499,1823,-2322
4601,2568,2033
-4453,-1896,-2557
540,295,245
-4381,-285,-4096
668,-1089,1757
2240,-1,2241
4195,1020,3175
2301,-1400,3701
5710,3890,1820
-5880,-4613,-1267
-2988,1221,-4209
5860,3729,2131
2595,-308,2903
-5239,-3895,-1344
-2264,-3924,1660
3007,3354,-347
4072,2948,1124
4469,2385,2084
3939,1681,2258
-194,1817,-2011
2891,-495,3386
-2197,2551,-4748
987,2133,-1146
-442,554,-996
8894,4787,4107
-6658,-2240,-4418
2619,2312,307
3508,462,3046
-7860,-4602,-3258
8031,4682,3349
2449,340,2109
-3333,-201,-3132
-4248,-1405,-2843
4086,2401,1685
2350,2370,-20
-4944,-4015,-929
-251,-2370,2119
-4585,412,-4997
-1760,-2360,600
-1105,3403,-4508
1133,3581,-2448
-2135,-4814,2679
-4212,-260,-3952
-6145,-4620,-1525
2245,3613,-1368
-170,1205,-1375
-531,-3320,2789
-6633,-3166,-3467
5856,4015,1841
386,-3110,3496
2409,1551,858
-2222,-333,-1889
9086,4966,4120
-2355,-2464,109
-5172,-285,-4887
-6895,-4782,-2113
4681,2821,1860
3087,757,2330
-380,-1738,1358
-583,1709,-2292
3197,-1321,4518
-5144,-653,-4491
-2594,527,-3121
6224,2965,3259
5278,2368,2910
-7961,-3343,-4618
-1952,1841,-3793
-2257,-3727,1470
662,-632,1294
8476,4226,4250
2077,2854,-777
2059,-1833,3892
2728,4728,-2000
2612,1682,930
-1971,2095,-4066
-6368,-4622,-1746
8020,3592,4428
5476,3867,1609
-4829,-1197,-3632
-261,1959,-2220
4160,4770,-610
-400,88,-488
-2778,1941,-4719
-5981,-4876,-1105
2935,-1604,4539
-4383,-4754,371
-3813,-3754,-59
-1167,1220,-2387
1194,2197,-1003
2352,577,1775
-3084,-2462,-622
-267,-2842,2575
-1704,3074,-4778
-766,2392,-3158
6281,4004,2277
1354,-2172,3526
-348,2940,-3288
-3916,-1774,-2142
5013,1825,3188
1471,1175,296
-2096,-1528,-568
4817,4206,611
2985,1648,1337
-4793,-4883,90
3941,2582,1359
771,-2789,3560
-1462,-4821,3359
402,2782,-2380
764,-1974,2738
1178,2386,-1208
-7083,-2907,-4176
-919,-4754,3835
-7948,-4407,-3541
-3290,-4544,1254
-3902,-228,-3674
40,836,-796
-1294,-3324,2030
-878,1119,-1997
-6993,-2663,-4330
344,4663,-4319
4260,468,3792
6533,2172,4361
-7507,-3582,-3925
-3867,-2512,-1355
-4744,-3168,-1576
3845,305,3540
3418,1720,1698
3472,2637,835
-1774,-767,-1007
-5949,-1373,-4576
2133,4016,-1883
-3464,-1541,-1923
5100,3084,2016
1537,-2822,4359
4801,979,3822
-1503,-4006,2503
4657,172,4485
-3527,-1018,-2509
-6491,-3711,-2780
2283,-2600,4883
671,4177,-3506
5710,4577,1133
-991,2477,-3468
3487,898,2589
3531,4132,-601
-3476,-3847,371
1508,1476,32
1692,4353,-2661
-7120,-2143,-4977
-801,-1839,1038
6391,2882,3509
-662,-3653,2991
-1086,3291,-4377
-4962,-2811,-2151
6543,2355,4188
210,-964,1174
-2738,2108,-4846
1097,1274,-177
3446,-767,4213
2875,170,2705
6028,2357,3671
5942,3873,2069
-6807,-1971,-4836
-2212,-197,-2015
1188,2321,-1133
-1803,-3764,1961
6105,4122,1983
-1329,919,-2248
568,-4257,4825
442,2376,-1934
-5602,-1709,-3893
-2656,674,-3330
-1886,2850,-4736
1202,-3540,4742
-1074,-2988,1914
2848,4600,-1752
2181,2251,-70
3517,1255,2262
4555,4995,-440
1065,-1349,2414
-6816,-4897,-1919
-637,-3459,2822
-1231,-3296,2065
-2175,458,-2633
1449,-999,2448
-3912,194,-4106
2630,145,2485
5875,1069,4806
2642,4224,-1582
2987,-202,3189
-3436,-129,-3307
-7337,-3339,-3998
2189,2120,69
1074,-3663,4737
-2281,2041,-4322
-3873,561,-4434
-2586,-2404,-182
-3076,-4250,1174
1612,-1862,3474
7160,4181,2979
-564,1609,-2173
-5706,-3421,-2285
1575,-2816,4391
-2259,-4292,2033
2160,-196,2356
-6296,-3457,-2839
-1747,-1373,-374
-1313,3429,-4742
2655,-1317,3972
-752,-753,1
-1454,-2212,758
8590,4117,4473
-1954,537,-2491
-2805,-2966,161
781,-2274,3055
3557,-622,4179
3622,-699,4321
5813,945,4868
3648,2944,704
2356,-1314,3670
3465,7,3458
6852,4720,2132
2664,2468,196
-333,3766,-4099
2411,1129,1282
-4329,-197,-4132
5160,4958,202
6357,4495,1862
1716,-2099,3815
2922,3769,-847
-667,-2987,2320
-4940,-2711,-2229
7376,2725,4651
-6639,-3548,-3091
6535,2798,3737
-1826,-833,-993
-4037,-2042,-1995
-2658,-2171,-487
-1285,-3659,2374
-3316,-490,-2826
-6776,-4460,-2316
7986,4600,3386
3248,1685,1563
-166,-1186,1020
-3496,-4864,1368
-724,-4931,4207
5895,4995,900
1647,1278,369
6533,4221,2312
-906,2487,-3393
2766,1220,1546
-1209,48,-1257
3229,-532,3761
-4555,-754,-3801
-2357,1778,-4135
1906,839,1067
8875,4716,4159
1067,-3221,4288
4870,3967,903
5446,536,4910
-1480,-3976,2496
8247,3301,4946
3131,-158,3289
3686,4936,-1250
5244,1803,3441
-524,-4116,3592
3610,4147,-537
-1650,-741,-909
-5290,-1364,-3926
770,-1521,2291
-7153,-4709,-2444
-8241,-4129,-4112
5269,3062,2207
7066,3737,3329
374,190,184
-542,757,-1299
-4455,-3934,-521
954,2155,-1201
2714,2162,552
1625,4951,-3326
-3447,-1580,-1867
-1253,-1696,443
-8971,-4006,-4965
-3054,37,-3091
261,2058,-1797
9599,4905,4694
-1161,-1813,652
4098,2203,1895
6548,1669,4879
3464,4126,-662
-214,25,-239
2568,2197,371
-7463,-4454,-3009
-1573,2525,-4098
-2569,-4086,1517
-2481,-1587,-894
3078,3789,-711
3153,-1262,4415
449,3333,-2884
-3767,-4681,914
2299,-327,2626
7874,4451,3423
-1519,44,-1563
1451,-15,1466
213,-2087,2300
58,-1724,1782
-806,3312,-4118
2565,363,2202
-6081,-3458,-2623
3557,941,2616
1124,4107,-2983
2881,4224,-1343
8499,3553,4946
41,3601,-3560
-253,-1667,1414
-9270,-4962,-4308
-341,-1562,1221
2232,347,1885
-5990,-3724,-2266
-7161,-2246,-4915
2894,795,2099
-1566,-3714,2148
-706,1071,-1777
797,-38,835
3643,595,3048
1423,-1960,3383
-428,-2373,1945
1978,-1196,3174
6109,3900,2209
-5558,-3223,-2335
665,-2498,3163
208,3841,-3633
-5821,-3049,-2772
-4237,-3677,-560
1210,-144,1354
2980,4347,-1367
-1043,-1836,793
-2691,-1589,-1102
6710,4210,2500
3222,2178,1044
561,4102,-3541
-3324,-4313,989
3497,2594,903
1474,4856,-3382
3177,2355,822
4284,4619,-335
-8445,-3723,-4722
885,153,732
1273,610,663
-635,-1522,887
4188,-83,4271
3820,2682,1138
6910,2392,4518
2109,253,1856
1041,3710,-2669
3955,1680,2275
-6841,-2370,-4471
-4706,-3253,-1453
4389,3490,899
-2423,177,-2600
1013,2530,-1517
4216,2363,1853
-4902,-3834,-1068
-2047,1924,-3971
5444,2959,2485
425,4356,-3931
3494,-1220,4714
-7197,-4005,-3192
-5711,-817,-4894
-1771,2351,-4122
-1157,-4916,3759
817,-276,1093
-3591,369,-3960
-1921,-2403,482
3571,-1426,4997
750,2370,-1620
-2757,-4321,1564
-7445,-4227,-3218
5887,3237,2650
-1554,-1344,-210
-5899,-4256,-1643
4783,4094,689
5107,1542,3565
1626,2468,-842
-5415,-1153,-4262
586,-3442,4028
-1493,-4225,2732
-357,-4225,3868
-1696,2582,-4278
-672,-215,-457
2100,592,1508
-681,1050,-1731
3821,-123,3944
883,4460,-3577
-818,-4546,3728
-2181,-44,-2137
938,-2255,3193
302,3640,-3338
1613,2042,-429
1716,2224,-508
8570,4289,4281
-2022,2847,-4869
-145,138,-283
-4433,493,-4926
-709,-911,202
-5023,-2051,-2972
3696,3742,-46
-1683,-1732,49
-7766,-3640,-4126
-1308,1448,-2756
-1948,2777,-4725
-4016,-1948,-2068
5484,3806,1678
1110,-3266,4376
4746,2560,2186
6586,3520,3066
3816,1941,1875
3513,-1,3514
-4017,-3012,-1005
-5156,-4080,-1076
-4220,-2323,-1897
3408,2057,1351
4706,1009,3697
-5847,-2684,-3163
-1274,-1266,-8
-2318,-733,-1585
59,2056,-1997
-2671,-2084,-587
4449,2131,2318
-474,1518,-1992
8423,4083,4340
-4925,-517,-4408
3666,1069,2597
8315,4769,3546
-3505,-513,-2992
5561,2587,2974
4468,2382,2086
-470,2830,-3300
-2813,-4692,1879
5343,2552,2791
2874,3716,-842
3310,2187,1123
-6903,-3532,-3371
970,-3961,4931
-5214,-1311,-3903
-1608,-1272,-336
4185,1237,2948
-6946,-4542,-2404
4375,818,3557
5878,4243,1635
3022,3370,-348
-435,-2076,1641
-979,-2909,1930
826,-726,1552
-2672,-1958,-714
-7012,-2093,-4919
-9038,-4415,-4623
7084,3756,3328
-474,2434,-2908
-4335,-3818,-517
5202,4279,923
4439,2647,1792
129,-3328,3457
-1152,419,-1571
-750,3981,-4731
6738,3724,3014
-1270,-4341,3071
3826,2604,1222
-4026,-2290,-1736
4924,3889,1035
3702,-402,4104
-372,608,-980
-1959,-1394,-565
859,457,402
10,3905,-3895
9426,4865,4561
-2887,1956,-4843
-1449,-680,-769
2633,3352,-719
-6580,-4611,-1969
-4756,-3135,-1621
436,1043,-607
5475,4704,771
5513,578,4935
-7263,-2892,-4371
4567,2037,2530
2249,-1442,3691
-5309,-569,-4740
8750,3920,4830
-447,-3512,3065
2780,-38,2818
6807,2858,3949
6695,3643,3052
-3925,-3803,-122
6242,4337,1905
-4754,-3342,-1412
1273,4974,-3701
-3569,-1300,-2269
-2820,-1679,-1141
-2157,-934,-1223
-2227,607,-2834
-5432,-3094,-2338
-3937,-1146,-2791
5929,2442,3487
-645,2093,-2738
-6555,-4062,-2493
-2418,-572,-1846
1196,-138,1334
1373,-2161,3534
-927,807,-1734
967,358,609
-3274,150,-3424
-1148,1292,-2440
-1043,-4743,3700
-1273,-1465,192
2477,-692,3169
-2521,-2547,26
593,-2422,3015
7225,4929,2296
2045,4339,-2294
-8186,-4557,-3629
-2960,361,-3321
-7037,-2834,-4203
6048,3366,2682
1206,2624,-1418
6147,3723,2424
-253,1408,-1661
1802,634,1168
244,-3922,4166
5805,1349,4456
-273,-4534,4261
-7134,-2796,-4338
1375,424,951
1385,931,454
2822,4933,-2111
5235,2968,2267
3487,599,2888
-4069,-2884,-1185
-9240,-4326,-4914
9512,4792,4720
-2524,-4013,1489
-6145,-2472,-3673
4716,1524,3192
1593,4234,-2641
-1739,-4326,2587
291,-4319,4610
6459,1465,4994
-3781,-1182,-2599
-2389,479,-2868
1560,-2366,3926
-1814,-2511,697
503,-2521,3024
-280,-4087,3807
-2736,-3825,1089
2168,153,2015
-3258,876,-4134
622,-4170,4792
6898,2219,4679
-3443,-1839,-1604
332,4297,-3965
-8135,-3147,-4988
2674,2324,350
-957,-189,-768
594,-376,970
-4732,-3869,-863
-8652,-4104,-4548
-490,-2265,1775
-997,1282,-2279
1899,4953,-3054
6043,3381,2662
-560,-3498,2938
2949,2002,947
1029,862,167
-7585,-4211,-3374
878,1923,-1045
-4261,-130,-4131
5289,920,4369
3493,4164,-671
2241,-1948,4189
-4382,-4036,-346
-1881,-3791,1910
-609,2097,-2706
-425,3041,-3466
-1852,898,-2750
1670,1593,77
6099,1666,4433
2791,4265,-1474
1386,-3213,4599
-107,-1064,957
-3103,-964,-2139
4326,292,4034
-2654,43,-2697
-5954,-4043,-1911
-4654,-3990,-664
7649,3579,4070
-519,-4220,3701
-1451,-24,-1427
353,-1372,1725
-1124,-520,-604
-8167,-3990,-4177
-913,2322,-3235
5966,1931,4035
-4152,-869,-3283
-1958,1269,-3227
3722,-660,4382
4635,3179,1456
6926,4214,2712
-1023,96,-1119
4944,3607,1337
3354,3008,346
-747,4062,-4809
5594,4554,1040
-699,-4105,3406
404,1603,-1199
2032,4274,-2242
1220,-1952,3172
-1409,-3510,2101
8181,4778,3403
-7194,-3149,-4045
-1950,193,-2143
-1748,-2605,857
-780,-2221,1441
4611,2855,1756
489,116,373
-2307,581,-2888
-286,4489,-4775
801,941,-140
-157,-2327,2170
-8370,-4105,-4265
3709,3342,367
-1668,1986,-3654
-1690,1081,-2771
-3373,-655,-2718
-1226,-4635,3409
7080,3754,3326
-2524,-2775,251
3351,-1229,4580
606,-1002,1608
-7061,-4650,-2411
973,-2842,3815
-2218,-700,-1518
6337,3496,2841
1216,2669,-1453
-3597,-4065,468
1080,2441,-1361
-4614,-4063,-551
-4507,-3911,-596
-883,-2150,1267
-5793,-3910,-1883
-3695,-1141,-2554
5440,3454,1986
-7957,-3337,-4620
8994,4061,4933
2032,-1708,3740
3877,4730,-853
-5695,-3870,-1825
-732,1258,-1990
1507,4174,-2667
-756,-161,-595
3333,747,2586
1881,-322,2203
-2442,-4881,2439
-3393,951,-4344
-3016,1659,-4675
-3785,-20,-3765
2987,1002,1985
-325,-4809,4484
-4267,411,-4678
772,3437,-2665
321,4686,-4365
-181,3965,-4146
5057,3211,1846
-5716,-3685,-2031
2438,2863,-425
-158,1185,-1343
-2799,-3182,383
2194,-2040,4234
-7403,-2538,-4865
-2423,-4628,2205
-2766,-105,-2661
-3341,1127,-4468
-315,-3060,2745
2332,-107,2439
2053,4065,-2012
3252,-897,4149
-336,1053,-1389
-3463,98,-3561
-3491,42,-3533
1548,2901,-1353
-4075,-357,-3718
133,3713,-3580
-3430,-3377,-53
-4701,-2057,-2644
5998,3762,2236
-3004,-4975,1971
2010,-739,2749
-5049,-3408,-1641
1719,4054,-2335
5985,3024,2961
2168,3953,-1785
5224,2605,2619
138,-2816,2954
6261,4532,1729
-1570,1867,-3437
-4354,-1242,-3112
-944,-3152,2208
1600,-3389,4989
-88,-17,-71
-185,-503,318
4143,1592,2551
-4211,-4785,574
901,-3643,4544
1995,-2380,4375
903,4262,-3359
2695,-347,3042
1055,-2877,3932
-768,-2774,2006
2167,-341,2508
214,-1703,1917
-625,-1610,985
-1714,-3026,1312
1497,698,799
3301,4996,-1695
-3524,-2548,-976
1365,-557,1922
3702,1822,1880
1802,1151,651
688,2607,-1919
7403,3571,3832
-6980,-2023,-4957
6818,3777,3041
-301,-2287,1986
5141,815,4326
-2154,-4030,1876
8072,3282,4790
751,-3254,4005
-385,3013,-3398
-8268,-4632,-3636
-3107,1708,-4815
-6122,-2550,-3572
3917,4401,-484
8334,3802,4532
1647,274,1373
3166,3256,-90
-1888,-931,-957
-1921,334,-2255
-1511,-1203,-308
2175,4025,-1850
3557,-1145,4702
-491,4062,-4553
3100,188,2912
-1618,967,-2585
1375,-1785,3160
-1484,-797,-687
-2119,-232,-1887
-7229,-3568,-3661
353,4263,-3910
-1866,-2915,1049
8473,4645,3828
-4474,-809,-3665
-7553,-3880,-3673
-7654,-4681,-2973
-4011,-3036,-975
4521,2511,2010
1800,1444,356
3483,4109,-626
1532,-2308,3840
-4603,-1200,-3403
-2076,-1622,-454
1181,1523,-342
-8866,-4840,-4026
-7209,-2597,-4612
3534,2990,544
6153,3278,2875
-3995,-3823,-172
7192,4780,2412
2389,748,1641
5345,1272,4073
-4392,88,-4480
934,4560,-3626
6755,3833,2922
1944,3623,-1679
-5635,-4245,-1390
-568,-2481,1913
301,-547,848
2807,-2068,4875
3771,1467,2304
2351,1837,514
-5802,-2696,-3106
-6193,-4939,-1254
5806,2784,3022
-1821,-305,-1516
3230,-1158,4388
-8357,-3515,-4842
-7952,-3257,-4695
-5811,-2414,-3397
1265,-94,1359
-1090,-3245,2155
-926,2751,-3677
-6430,-3338,-3092
6237,3407,2830
6399,1776,4623
5807,3622,2185
620,-4138,4758
3953,2991,962
4777,3957,820
-3076,316,-3392
-2867,330,-3197
6514,4277,2237
4583,3648,935
-945,-3034,2089
-2126,2809,-4935
4020,175,3845
288,4090,-3802
-725,1474,-2199
6879,2647,4232
7311,4674,2637
4127,1006,3121
8631,4343,4288
1426,4692,-3266
2945,3328,-383
7946,4487,3459
3017,2167,850
-3383,-4284,901
1203,-170,1373
-5631,-2562,-3069
-6363,-1665,-4698
126,-4704,4830
-3707,-4472,765
-1085,2205,-3290
5763,3303,2460
-9423,-4881,-4542
-772,4049,-4821
-3440,-3322,-118
-3845,1016,-4861
-2162,1689,-3851
-4659,-3372,-1287
1813,3216,-1403
5916,1793,4123
1491,4413,-2922
4562,2613,1949
-2292,-3710,1418
-7451,-4986,-2465
-369,-378,9
320,-2920,3240
4741,875,3866
-1417,-1730,313
6510,4155,2355
-3214,759,-3973
-472,1393,-1865
-2576,-377,-2199
-5446,-1526,-3920
-2409,-2980,571
785,-761,1546
6272,1355,4917
995,13,982
-1963,-684,-1279
-1967,428,-2395
-2806,-3052,246
2384,773,1611
-1306,-3529,2223
-2168,-1289,-879
-1898,-4700,2802
-575,-3684,3109
5311,3553,1758
-1668,-1952,284
5575,4654,921
191,3252,-3061
-4386,-1125,-3261
3132,3789,-657
-1646,-801,-845
3073,4213,-1140
3129,-1041,4170
-4317,-3372,-945
8095,3556,4539
-1495,1478,-2973
-3020,-4891,1871
-1340,-1405,65
4382,3122,1260
-2866,-4797,1931
-7584,-3276,-4308
4753,1700,3053
716,3622,-2906
2663,1082,1581
-9046,-4631,-4415
-2182,-901,-1281
-538,-885,347
2518,2440,78
-13,784,-797
5290,3320,1970
493,-2363,2856
3493,2291,1202
1472,-1621,3093
-6655,-2128,-4527
6522,1765,4757
956,363,593
-4640,-2216,-2424
-1533,-1295,-238
7916,3469,4447
-1521,2301,-3822
540,2838,-2298
3212,3180,32
-3114,-4391,1277
128,3339,-3211
-2419,-942,-1477
5444,2227,3217
-2011,-3417,1406
-2705,982,-3687
3356,-681,4037
-6472,-2613,-3859
-6168,-1197,-4971
4739,437,4302
-2415,-1283,-1132
395,-198,593
-4012,-973,-3039
-828,879,-1707
-66,-1814,1748
-365,4525,-4890
-401,4232,-4633
8605,4102,4503
3896,2512,1384
2359,4990,-2631
456,4502,-4046
-967,102,-1069
-489,1837,-2326
7635,4628,3007
-828,-586,-242
3387,3046,341
1622,3849,-2227
-1821,-1933,112
7268,3476,3792
-456,1654,-2110
-8626,-3694,-4932
-8268,-4815,-3453
2952,-1479,4431
1074,-85,1159
3414,-45,3459
-1972,-235,-1737
5504,3642,1862
2110,762,1348
1344,-777,2121
1136,-1139,2275
1501,4673,-3172
1061,2827,-1766
-2281,-2328,47
4728,4292,436
-765,-4780,4015
3774,920,2854
-7325,-3560,-3765
5654,2097,3557
-3293,58,-3351
-5886,-4951,-935
1957,1564,393
-8915,-4155,-4760
4652,891,3761
-951,-3112,2161
-2566,-2557,-9
4502,77,4425
3745,1928,1817
4587,114,4473
5555,4509,1046
4495,3633,862
-860,2261,-3121
3405,4398,-993
-4410,-3487,-923
254,-1529,1783
-3378,-4162,784
503,-1523,2026
-1566,-1100,-466
1033,1859,-826
-2846,-156,-2690
3927,3236,691
-389,-2292,1903
-1489,-3285,1796
2033,-850,2883
-6694,-4348,-2346
1959,-2120,4079
9201,4962,4239
-2573,2073,-4646
-1904,-4223,2319
-6785,-2791,-3994
-1942,-1142,-800
418,-795,1213
-4273,403,-4676
4321,3910,411
7589,4454,3135
-463,3419,-3882
-4009,-4289,280
250,4541,-4291
5156,524,4632
173,2503,-2330
1593,-275,1868
-1982,-2781,799
4210,2389,1821
2148,1112,1036
242,-1737,1979
-2367,-2981,614
718,-3497,4215
-7799,-3159,-4640
6197,4703,1494
-481,-639,158
3252,265,2987
8919,4070,4849
3138,4622,-1484
1497,2621,-1124
2502,693,1809
6778,2883,3895
-925,2186,-3111
-455,-1690,1235
4889,3780,1109
-657,461,-1118
-327,2469,-2796
-1709,2069,-3778
3438,966,2472
7170,4443,2727
1423,-1952,3375
1065,-306,1371
3070,4143,-1073
-1821,1546,-3367
3268,2504,764
4227,1074,3153
1744,1115,629
5423,1504,3919
87,860,-773
-3865,-1249,-2616
-3684,-334,-3350
45,2986,-2941
-2402,1071,-3473
-5389,-4748,-641
3674,4961,-1287
3762,178,3584
-1699,-2740,1041
-6053,-4047,-2006
1200,-1336,2536
4111,2202,1909
-2198,-4484,2286
-349,-2447,2098
-2539,1479,-4018
1985,-1598,3583
-2837,-2294,-543
-4161,-3534,-627
8444,4996,3448
-3113,-4600,1487
-865,-799,-66
6137,2829,3308
-1887,-4182,2295
-510,1318,-1828
2441,3134,-693
-345,1400,-1745
-3331,-1361,-1970
-5052,-4524,-528
1232,2827,-1595
-4367,-4029,-338
-5732,-1840,-3892
919,1788,-869
-341,1165,-1506
-8106,-4443,-3663
-145,-3518,3373
4841,4677,164
575,3671,-3096
-3507,-4959,1452
6380,2256,4124
-813,-2490,1677
-5064,-2495,-2569
812,-703,1515
-1041,2889,-3930
-2073,-2847,774
-5471,-3686,-1785
100,2358,-2258
1992,-324,2316
423,-4044,4467
-256,-4856,4600
-5374,-1031,-4343
-231,3480,-3711
-8263,-4890,-3373
312,1846,-1534
-6306,-3529,-2777
2750,4600,-1850
-4604,-245,-4359
7826,4590,3236
103,1883,-1780
1519,-1000,2519
-1794,-624,-1170
-2493,2389,-4882
-2868,-535,-2333
-2356,2445,-4801
-4619,-2760,-1859
3657,2968,689
205,1320,-1115
-753,-1892,1139
-1360,-3331,1971
617,336,281
2852,887,1965
-2881,-4001,1120
-1694,949,-2643
-5047,-1065,-3982
1010,258,752
63,4461,-4398
-1240,1713,-2953
-2388,2360,-4748
-2773,966,-3739
4883,3058,1825
5282,593,4689
-2080,-4770,2690
-926,-4126,3200
2709,4307,-1598
9641,4841,4800
-683,4,-687
1349,4834,-3485
-2715,-4996,2281
537,-1926,2463
-4192,-3502,-690
4347,3052,1295
1500,-2397,3897
4774,4551,223
694,3315,-2621
-34,-2705,2671
1766,-1826,3592
3521,1042,2479
-2453,2099,-4552
3688,-1067,4755
-819,2369,-3188
4213,2456,1757
4873,2336,2537
-5910,-1901,-4009
-3987,-3663,-324
4655,-25,4680
4766,4525,241
-2560,262,-2822
-2417,1219,-3636
-2144,2487,-4631
-2687,1632,-4319
-3355,-2336,-1019
3529,-2,3531
577,-2089,2666
6240,1550,4690
-5802,-1424,-4378
-1078,1342,-2420
-256,3062,-3318
7708,4457,3251
-829,-4637,3808
36,-1352,1388
1205,4167,-2962
-3324,-968,-2356
573,3170,-2597
6084,3812,2272
3469,4400,-931
-3001,-4532,1531
-4256,-3634,-622
758,654,104
-1307,-2501,1194
-7892,-4537,-3355
4188,4024,164
-1271,-4745,3474
-1778,2820,-4598
-2089,1114,-3203
-2989,187,-3176
-3669,-1660,-2009
-7613,-3519,-4094
-7135,-4078,-3057
2893,34,2859
6603,3399,3204
-811,1465,-2276
399,-4213,4612
-3668,-3371,-297
6469,1642,4827
-192,2671,-2863
-280,858,-1138
3290,1024,2266
-3024,-4224,1200
-1238,742,-1980
4715,985,3730
4933,4548,385
-1322,-2973,1651
2640,836,1804
-5892,-914,-4978
-177,-730,553
-2221,434,-2655
-2987,1189,-4176
8595,4265,4330
-4730,-3817,-913
2272,-1774,4046
4746,2978,1768
7019,2658,4361
-1281,-2206,925
-2950,-517,-2433
-1142,2502,-3644
4832,779,4053
6417,2039,4378
-5416,-2618,-2798
-371,-3241,2870
-7891,-3460,-4431
2239,529,1710
-908,4080,-4988
1884,-236,2120
122,2388,-2266
-571,-2093,1522
-1700,-4982,3282
-2441,1847,-4288
-6032,-1767,-4265
-3032,1194,-4226
3828,1514,2314
-109,-3867,3758
-7038,-2067,-4971
2970,-1279,4249
8333,3410,4923
941,-2778,3719
4945,1742,3203
2480,-2036,4516
1501,-2496,3997
-3783,-3456,-327
-5879,-3133,-2746
-291,-1966,1675
-4232,552,-4784
-3589,-2866,-723
4797,2723,2074
1462,666,796
6834,3807,3027
4531,1581,2950
-3126,-4952,1826
-7099,-4495,-2604
-1544,-2312,768
1414,2026,-612
-1060,-583,-477
3619,-96,3715
-5502,-559,-4943
672,-3920,4592
3001,-150,3151
-1795,-769,-1026
-7398,-4189,-3209
-2171,-3325,1154
-5725,-2483,-3242
-5442,-1478,-3964
2277,3824,-1547
-5671,-1046,-4625
2045,2392,-347
4194,787,3407
2766,1756,1010
969,3269,-2300
894,-3068,3962
6622,3057,3565
6919,3148,3771
-1498,2341,-3839
-2186,-3093,907
4628,4423,205
-5197,-3360,-1837
4266,840,3426
-7941,-4494,-3447
416,-4478,4894
-2286,-4973,2687
3692,2090,1602
-6125,-2101,-4024
-3140,-4236,1096
3258,2671,587
-5407,-2675,-2732
-2558,-205,-2353
602,4917,-4315
1124,-3625,4749
-1596,-4398,2802
3097,1266,1831
-5844,-4768,-1076
381,-2605,2986
3234,-1361,4595
5687,2197,3490
-4000,-2173,-1827
-4599,-3522,-1077
2311,4997,-2686
2410,3129,-719
-1399,-279,-1120
-1206,-833,-373
394,-2652,3046
-2692,-277,-2415
-5918,-2570,-3348
4083,3089,994
217,-3335,3552
1671,4090,-2419
1472,4042,-2570
-6070,-2828,-3242
4194,2495,1699
-5973,-3377,-2596
1158,-752,1910
-194,1500,-1694
1496,-1754,3250
-6931,-4080,-2851
-1768,3053,-4821
7362,2910,4452
-7735,-3882,-3853
2599,542,2057
2336,-2022,4358
7094,2525,4569
-3319,-29,-3290
802,533,269
1539,-1537,3076
-6096,-1534,-4562
-1000,831,-1831
-4329,-521,-3808
-1752,-2224,472
-6413,-2660,-3753
451,-4549,5000
2560,-1957,4517
1538,-1094,2632
4183,1294,2889
1379,4569,-3190
-475,-4578,4103
-904,-2659,1755
-2003,1926,-3929
1750,-195,1945
2785,4492,-1707
-1469,-1817,348
2083,1359,724
-4134,671,-4805
-948,-524,-424
858,3673,-2815
-2296,-1895,-401
-3418,921,-4339
-7687,-4900,-2787
3120,3605,-485
-6420,-2264,-4156
1589,-2584,4173
-4841,-2595,-2246
-2059,2731,-4790
-2087,-4345,2258
-4272,-339,-3933
2823,1535,1288
9001,4739,4262
-923,2911,-3834
55,1195,-1140
-1259,-900,-359
-4207,-1184,-3023
-5526,-988,-4538
-403,277,-680
-3459,-2312,-1147
-1869,2177,-4046
-3744,-3152,-592
4289,612,3677
135,2066,-1931
-402,610,-1012
-1322,-4255,2933
-5302,-3137,-2165
-6343,-2536,-3807
858,3318,-2460
-4202,-187,-4015
3871,1143,2728
5598,4603,995
-4163,-2879,-1284
1485,3528,-2043
4046,-544,4590
7349,3775,3574
-5256,-3057,-2199
6662,3194,3468
-335,-374,39
-6558,-4813,-1745
7586,4712,2874
821,4307,-3486
1118,-3252,4370
-4538,-4802,264
-2435,617,-3052
-5017,-907,-4110
3993,117,3876
2136,4885,-2749
3404,4895,-1491
-6068,-3698,-2370
-7742,-3100,-4642
-6169,-4141,-2028
196,-3535,3731
2980,1430,1550
-1645,-4290,2645
2485,-1373,3858
4577,1561,3016
-374,1971,-2345
-4358,-1378,-2980
4063,3583,480
7689,4356,3333
-3443,-4130,687
-7430,-2958,-4472
-4277,-874,-3403
6798,4112,2686
5480,996,4484
3405,1549,1856
4918,2695,2223
7748,3605,4143
-4309,-2902,-1407
-464,1298,-1762
-4024,-1613,-2411
-5916,-4471,-1445
-3645,435,-4080
5288,2472,2816
4004,399,3605
-1331,-1378,47
5968,2715,3253
-142,3399,-3541
1631,-307,1938
-1489,-3308,1819
-1016,-1651,635
-2643,-4951,2308
-4334,-2450,-1884
-2896,-1776,-1120
-4010,-3836,-174
396,2638,-2242
-4974,-154,-4820
-5993,-4528,-1465
-1070,3123,-4193
7832,4236,3596
-2176,-3597,1421
1337,-20,1357
-2163,-3336,1173
-664,1224,-1888
-3946,-1476,-2470
-7419,-4753,-2666
-6464,-1628,-4836
2978,2338,640
-1833,-757,-1076
3450,468,2982
-1171,-4548,3377
1784,-1619,3403
2748,1282,1466
-1001,942,-1943
3165,2740,425
4557,1437,3120
6115,4334,1781
1030,-3734,4764
-2256,120,-2376
160,-151,311
333,-1165,1498
-2773,986,-3759
-6309,-1389,-4920
-9001,-4345,-4656
-7607,-4339,-3268
-184,-220,36
2391,1116,1275
3899,4007,-108
879,-2555,3434
5430,2328,3102
3850,2488,1362
4167,4326,-159
232,-3999,4231
240,4880,-4640
5394,3046,2348
-7245,-4095,-3150
-4776,-333,-4443
-5514,-3653,-1861
-1720,2723,-4443
2219,2101,118
231,3431,-3200
6907,3155,3752
3545,866,2679
1599,-1131,2730
1786,-854,2640
4735,91,4644
1723,2201,-478
-4399,210,-4609
249,1307,-1058
-4512,-2828,-1684
2338,-1688,4026
-685,-1006,321
4316,3065,1251
4961,282,4679
-7114,-2187,-4927
-1789,-1292,-497
2882,2621,261
3703,-346,4049
-672,-4758,4086
7588,3203,4385
-118,1383,-1501
-13,4239,-4252
3999,2509,1490
-4690,-3882,-808
-1925,-4080,2155
-3923,-4704,781
-1635,-4205,2570
3414,2325,1089
5538,820,4718
-584,-4876,4292
-633,1015,-1648
-2007,-728,-1279
-3896,-4097,201
3601,3442,159
-570,-4402,3832
3144,-1295,4439
-2133,-3292,1159
7613,3783,3830
6053,4924,1129
-1723,973,-2696
2914,-1981,4895
-5711,-2448,-3263
-615,-1687,1072
-1756,-2640,884
1518,558,960
-3338,-420,-2918
-2393,2122,-4515
-5400,-2843,-2557
-3190,-834,-2356
-2377,1362,-3739
2382,3391,-1009
4170,639,3531
1083,387,696
210,1627,-1417
-6374,-2701,-3673
3244,2746,498
-7894,-3801,-4093
5226,4264,962
1352,-3264,4616
-420,-2209,1789
-1080,337,-1417
-4924,-2012,-2912
-2178,-850,-1328
8317,4869,3448
1856,4762,-2906
7211,2352,4859
-4895,-1048,-3847
-1738,-145,-1593
-5438,-4401,-1037
-1382,-1308,-74
-1650,2678,-4328
-9208,-4956,-4252
34,3964,-3930
758,-1549,2307
7227,4717,2510
3042,4820,-1778
-5168,-2299,-2869
-8435,-4618,-3817
6528,4954,1574
-1036,1567,-2603
2082,3960,-1878
715,-1200,1915
-115,3534,-3649
978,1828,-850
6208,2839,3369
-658,-2813,2155
-3447,-783,-2664
7220,4427,2793
-190,-539,349
4008,86,3922
-2034,500,-2534
-2805,-2613,-192
910,4871,-3961
4693,1230,3463
-333,2465,-2798
-1509,-4219,2710
-4495,-92,-4403
-1815,2145,-3960
-1826,-4565,2739
3791,3464,327
-4340,-142,-4198
5107,2624,2483
-1788,-470,-1318
-5028,-4834,-194
-7743,-3865,-3878
4822,4661,161
-6160,-2551,-3609
676,4897,-4221
2515,-772,3287
-1934,-2245,311
-1160,1827,-2987
905,266,639
5155,2282,2873
-2521,-4167,1646
-485,-2502,2017
-2394,-297,-2097
-7829,-4980,-2849
-2620,-1881,-739
-1223,-1323,100
6162,3666,2496
-1889,-4384,2495
405,-2423,2828
956,-1170,2126
-2234,-3574,1340
-4620,-3010,-1610
2899,4022,-1123
-7510,-4093,-3417
7137,2885,4252
-5137,-2374,-2763
-6785,-2229,-4556
-695,-956,261
5872,3612,2260
-904,-4276,3372
-6797,-3787,-3010
-2648,981,-3629
3955,2880,1075
-3570,1259,-4829
2886,4807,-1921
7969,3981,3988
1740,4701,-2961
1205,-3511,4716
-6385,-1409,-4976
5873,2691,3182
6683,3542,3141
-3956,-4624,668
5995,3034,2961
-1941,1317,-3258
1680,-1728,3408
-766,2987,-3753
-686,-1755,1069
-2459,-2038,-421
-1014,2054,-3068
-1999,669,-2668
3356,2888,468
2461,2881,-420
-2104,-1437,-667
-6789,-1804,-4985
3621,2361,1260
-4661,-838,-3823
-5981,-4319,-1662
-306,2395,-2701
1933,4673,-2740
1084,2960,-1876
-5719,-4224,-1495
7491,3595,3896
1513,-3276,4789
2101,4570,-2469
-2997,-1353,-1644
4396,-188,4584
-4302,-1345,-2957
2193,4405,-2212
-124,1353,-1477
-3330,1390,-4720
-4971,-1963,-3008
1265,4020,-2755
8075,3723,4352
773,712,61
-4448,-2478,-1970
4160,4837,-677
699,402,297
-2896,1243,-4139
-1646,1409,-3055
86,1250,-1164
2716,-752,3468
4015,1614,2401
-8621,-4139,-4482
5081,4377,704
2512,3135,-623
-2156,1293,-3449
-1428,-2752,1324
-2565,592,-3157
-1273,1979,-3252
2816,155,2661
130,-3901,4031
-2777,-3065,288
-7503,-4189,-3314
5082,4575,507
-300,3305,-3605
2567,2477,90
4612,4309,303
-9655,-4954,-4701
-2198,-1877,-321
592,4397,-3805
-4913,-917,-3996
7619,3669,3950
-6103,-4873,-1230
2329,-1572,3901
3292,3502,-210
772,-4029,4801
2738,-1225,3963
4320,4863,-543
5146,4660,486
-3983,-4088,105
7443,4528,2915
1490,1640,-150
4809,2112,2697
2007,3180,-1173
9244,4295,4949
-4841,-1478,-3363
-1834,-870,-964
8825,4736,4089
1995,2052,-57
-2477,-3320,843
-5506,-3625,-1881
8086,3164,4922
836,2528,-1692
5342,4903,439
5888,3633,2255
2290,-1578,3868
1613,-2350,3963
-4728,-2248,-2480
6123,1161,4962
-2160,315,-2475
-4025,-3204,-821
7601,3118,4483
-1538,-4997,3459
-5501,-3149,-2352
-3455,-4941,1486
2049,-1421,3470
-2582,1036,-3618
-6614,-2555,-4059
1767,4609,-2842
-687,-1089,402
196,1302,-1106
-2615,671,-3286
-686,-3809,3123
2096,1550,546
-2372,-2631,259
-1349,-2955,1606
1654,-1997,3651
3903,4567,-664
-8451,-4037,-4414
5601,4191,1410
6652,4663,1989
-3607,-4781,1174
-3830,-2969,-861
-8415,-4910,-3505
2841,4506,-1665
4610,3934,676
-985,-682,-303
2036,3628,-1592
887,2140,-1253
-5915,-2811,-3104
-4106,-1397,-2709
8275,3909,4366
-754,-2738,1984
-963,2619,-3582
-1425,-4645,3220
1729,4519,-2790
-9301,-4515,-4786
5408,2541,2867
-1049,3208,-4257
4117,1868,2249
7835,3136,4699
819,-951,1770
-3872,-1396,-2476
2175,-2761,4936
-1898,449,-2347
-1411,920,-2331
2269,202,2067
-914,-3964,3050
1263,2674,-1411
-7119,-4434,-2685
-4280,360,-4640
-8443,-4226,-4217
8701,3796,4905
-1951,-33,-1918
-2231,-4586,2355
-7644,-2739,-4905
4907,1873,3034
4505,2099,2406
4684,3768,916
3472,2466,1006
4643,964,3679
-5028,-1058,-3970
-1848,-642,-1206
3956,3895,61
611,-3987,4598
5895,2436,3459
-735,456,-1191
1372,4643,-3271
-3896,768,-4664
1619,1205,414
3080,2808,272
5489,1129,4360
-3404,-4314,910
719,2579,-1860
4643,3671,972
3153,-445,3598
6090,3591,2499
2423,-2404,4827
-5069,-298,-4771
4954,578,4376
-2649,-1825,-824
-3488,-4803,1315
-3733,-2605,-1128
5579,1682,3897
-3877,-4711,834
4150,144,4006
-6209,-3931,-2278
-1530,1203,-2733
1284,3602,-2318
-420,-4456,4036
-4548,403,-4951
-3229,-4974,1745
2852,1352,1500
4771,3804,967
-4409,-1932,-2477
468,-2521,2989
5899,2659,3240
9163,4292,4871
7808,3771,4037
5921,2145,3776
7400,2926,4474
1066,-2077,3143
158,-4199,4357
-1903,2418,-4321
-2253,2103,-4356
6979,3907,3072
5565,1374,4191
-4665,82,-4747
5494,744,4750
194,3352,-3158
-360,-467,107
-265,-352,87
470,-4068,4538
2018,-1571,3589
-1139,3121,-4260
-1969,-1322,-647
1613,3450,-1837
-431,-992,561
6527,3647,2880
-1793,-4366,2573
4876,3525,1351
8123,4306,3817
2381,-2489,4870
-6053,-4248,-1805
-626,3740,-4366
9321,4907,4414
-498,3472,-3970
-7469,-2984,-4485
-5420,-4051,-1369
-2483,2269,-4752
3583,4908,-1325
-451,-3525,3074
-1256,3604,-4860
2971,-1967,4938
-2652,-2622,-30
-1446,1063,-2509
2545,-1724,4269
-8146,-4059,-4087
1168,-1599,2767
-1369,190,-1559
-6780,-3247,-3533
-4420,406,-4826
-3339,1245,-4584
-8492,-4484,-4008
4850,3858,992
7049,4988,2061
-5321,-710,-4611
4525,842,3683
5677,3579,2098
-1960,284,-2244
4707,-69,4776
-78,-3863,3785
-5049,-2730,-2319
1753,-1975,3728
-62,39,-101
4897,3873,1024
5112,1630,3482
-2052,-987,-1065
-4464,-4828,364
5496,4736,760
3307,4527,-1220
9339,4352,4987
-1930,1613,-3543
7709,4168,3541
-226,893,-1119
-1009,3795,-4804
2641,1768,873
-5337,-3021,-2316
-3230,1107,-4337
2484,-1903,4387
2365,2835,-470
-3621,-542,-3079
2581,-1844,4425
1005,3779,-2774
1091,1117,-26
6069,3627,2442
-4426,-4714,288
-2659,-19,-2640
-189,-1150,961
1429,-162,1591
307,-1400,1707
5336,4316,1020
-7147,-4643,-2504
358,-147,505
-5203,-2969,-2234
2940,-337,3277
2835,1500,1335
-2208,-4302,2094
3542,-104,3646
-442,-1142,700
2676,2206,470
2828,2757,71
-3469,-3236,-233
-1523,-702,-821
-1485,1201,-2686
4181,1683,2498
-5000,-1355,-3645
-77,4325,-4402
8591,3890,4701
579,3227,-2648
-2621,-1448,-1173
2778,3047,-269
-451,-1983,1532
3295,4011,-716
5328,624,4704
-3128,-1153,-1975
-2992,816,-3808
-192,-1463,1271
-739,-4846,4107
2284,2373,-89
4197,3513,684
2488,-1959,4447
-2114,9,-2123
4033,1098,2935
-2442,-3004,562
-5194,-4284,-910
2234,-1260,3494
-1958,125,-2083
-4819,-3128,-1691
5272,1222,4050
-5132,-4866,-266
-7808,-3644,-4164
4979,800,4179
-1824,-1411,-413
404,2686,-2282
-7855,-3471,-4384
316,969,-653
-475,3563,-4038
3585,1323,2262
-2658,1952,-4610
-2441,-3863,1422
-1079,-4151,3072
954,-1812,2766
2629,-2034,4663
-1405,-4690,3285
8368,4418,3950
7085,4222,2863
315,629,-314
2930,-318,3248
-3637,706,-4343
-68,-427,359
-1883,-1518,-365
3641,3919,-278
-409,3293,-3702
-4215,-4292,77
-5323,-372,-4951
652,1649,-997
2125,-2645,4770
1073,-47,1120
569,-3680,4249
-520,1070,-1590
-1590,1470,-3060
-5388,-4196,-1192
3566,2997,569
5052,1369,3683
-9217,-4983,-4234
-452,2513,-2965
1050,2963,-1913
515,-4440,4955
2447,-313,2760
2129,-2649,4778
2523,1377,1146
-2704,-4728,2024
-531,804,-1335
-3580,80,-3660
-493,-4735,4242
2470,4299,-1829
1059,2403,-1344
1386,-901,2287
5100,542,4558
-1929,-3633,1704
290,-1731,2021
-828,-1585,757
-5171,-1181,-3990
2452,-1505,3957
-8850,-3921,-4929
4129,4497,-368
3985,3039,946
7496,3015,4481
-1824,-4765,2941
-3183,-4540,1357
3810,-82,3892
247,2837,-2590
-875,66,-941
4768,1597,3171
-4950,-1528,-3422
6135,1900,4235
-838,-15,-823
2491,4522,-2031
6863,2056,4807
2646,-733,3379
-83,-467,384
115,-3834,3949
527,3803,-3276
5473,813,4660
-1438,1709,-3147
-1860,-2861,1001
3777,4079,-302
6600,3326,3274
-1870,-4008,2138
3301,-1336,4637
9342,4847,4495
4059,1523,2536
3663,928,2735
2985,-926,3911
-3523,-1610,-1913
-1568,-1234,-334
5322,4134,1188
-5011,-2528,-2483
-1977,837,-2814
-2736,-1806,-930
8766,4904,3862
7762,2829,4933
-285,320,-605
2514,1612,902
-2892,-4563,1671
5243,4886,357
-1199,-121,-1078
-3544,-1385,-2159
-269,654,-923
-4157,-1589,-2568
81,3588,-3507
-664,-4396,3732
-7556,-4632,-2924
494,1983,-1489
-2825,-2783,-42
-2273,2659,-4932
-478,322,-800
7488,3280,4208
3262,2518,744
1628,-2567,4195
-362,2430,-2792
2079,117,1962
823,3881,-3058
-1357,1805,-3162
2835,688,2147
-249,-826,577
6404,3024,3380
4242,4631,-389
-3540,-2704,-836
846,-3595,4441
-5114,-1641,-3473
5598,2948,2650
1240,556,684
-4285,-4944,659
858,3540,-2682
-982,-4250,3268
1453,766,687
-2777,2002,-4779
-3467,-3804,337
-3854,-4745,891
-4069,-2620,-1449
6257,3072,3185
-6296,-2084,-4212
-4862,-4617,-245
-7716,-3763,-3953
1630,-384,2014
-547,3619,-4166
-1712,630,-2342
2520,4696,-2176
-372,2778,-3150
1640,3286,-1646
-2242,-2792,550
1112,2572,-1460
3435,3066,369
5765,3960,1805
-3078,-1081,-1997
-3760,458,-4218
-4882,-3688,-1194
5886,1726,4160
1708,-441,2149
5064,2975,2089
6079,1318,4761
-8233,-4524,-3709
-5720,-1816,-3904
-2608,-80,-2528
1256,1256,0
-1553,-1310,-243
-6548,-1969,-4579
-184,3141,-3325
-244,3123,-3367
2551,-143,2694
988,1423,-435
-2426,299,-2725
-3248,-3737,489
-4916,-4875,-41
2099,-1339,3438
6160,2524,3636
-629,-2472,1843
7309,4391,2918
-1825,-2680,855
246,4494,-4248
4298,147,4151
-885,-50,-835
70,3250,-3180
5912,3524,2388
-1601,-2700,1099
-609,4261,-4870
1978,1343,635
-1594,-2796,1202
-1813,2156,-3969
-5534,-2351,-3183
2454,692,1762
259,3109,-2850
1600,-1667,3267
-3937,-3402,-535
-473,-193,-280
694,-2630,3324
5002,4952,50
3607,3272,335
3952,3375,577
5901,3349,2552
2014,2698,-684
-2713,-981,-1732
7823,3765,4058
-8384,-3624,-4760
986,-123,1109
934,4835,-3901
2401,2067,334
1510,965,545
-7750,-3228,-4522
-4205,-2677,-1528
-1434,-925,-509
-4763,-4769,6
-895,3768,-4663
-4978,-4799,-179
-7389,-4248,-3141
-3058,786,-3844
474,1289,-815
2701,-1810,4511
-2877,-3173,296
6280,2609,3671
-6584,-4203,-2381
-1360,3381,-4741
4870,3370,1500
2675,2587,88
66,492,-426
-544,1873,-2417
918,-3467,4385
-4473,-3998,-475
5289,4645,644
2201,1664,537
-3153,-2561,-592
-1002,-4341,3339
-1626,-4061,2435
2949,3506,-557
-1562,1476,-3038
1593,2802,-1209
1404,1952,-548
-1528,-2812,1284
196,-3235,3431
-2791,-1705,-1086
3634,1594,2040
-6437,-4590,-1847
1725,-2445,4170
-1501,-201,-1300
1710,-2043,3753
-2719,1838,-4557
39,-3265,3304
-4997,-648,-4349
-3756,584,-4340
-10,2402,-2412
1026,-402,1428
-1244,-2451,1207
6975,4096,2879
1685,1187,498
9424,4777,4647
1113,-1605,2718
-1333,-1117,-216
-5248,-2578,-2670
6,1268,-1262
6242,4064,2178
-2897,-4526,1629
-6095,-4003,-2092
4988,425,4563
3913,3290,623
-4130,573,-4703
-1414,-2835,1421
-5293,-2656,-2637
-1956,2157,-4113
-1884,418,-2302
-2546,-2568,22
854,-3446,4300
6025,4896,1129
2711,-1258,3969
3608,2899,709
-952,-3918,2966
-8503,-4725,-3778
-1223,-2604,1381
529,3641,-3112
-3057,986,-4043
-5975,-3266,-2709
5712,2460,3252
-1555,1189,-2744
2014,-1344,3358
1564,1826,-262
0,489,-489
-1435,683,-2118
1659,-1074,2733
-6744,-1899,-4845
537,4183,-3646
-6317,-3649,-2668
-6346,-4538,-1808
349,3644,-3295
-1006,-552,-454
172,4582,-4410
6347,4491,1856
-5594,-4613,-981
-2056,-4176,2120
2825,1041,1784
2023,2533,-510
-8337,-4816,-3521
3128,2638,490
6004,2289,3715
3581,-1067,4648
-3219,130,-3349
-1358,-2980,1622
-6306,-1809,-4497
-1620,-60,-1560
4635,4204,431
-476,-708,232
400,507,-107
-6974,-3622,-3352
-3691,-2514,-1177
-2940,-2959,19
984,-384,1368
245,-3519,3764
3203,2003,1200
4670,4601,69
1937,1917,20

